1	2	5	1	2.164082202690093
1	58	5	1	2.521048521944786
1	3	5	1	2.751109007291429
1	62	5	1	2.4612286890900608
2	645	5	1	2.6210053586362645
2	606	5	1	2.3593195311360446
2	1	5	1	2.164082202690093
2	3	5	1	2.253579874333279
3	1	5	1	2.751109007291429
3	2	5	1	2.253579874333279
3	612	5	1	2.151493843821076
3	646	5	1	2.6695238414368965
4	619	5	1	2.4751548315206557
4	618	5	1	2.3426104072167107
4	6	5	1	1.9518720910961334
4	5	5	1	2.2411150946794334
5	4	5	1	2.2411150946794334
5	6	5	1	2.7438585276212812
5	75	5	1	2.1856227584146306
5	82	5	1	2.7339091525506114
6	566	5	1	2.28647238347635
6	567	5	1	2.460475370736313
6	4	5	1	1.9518720910961334
6	5	5	1	2.7438585276212812
7	8	5	1	2.4678663603404463
7	9	5	1	2.495573553414124
7	84	5	1	2.780953469028204
7	86	5	1	2.38329472598334
8	10	5	1	2.6757041906197303
8	11	5	1	2.5330291419563378
8	7	5	1	2.4678663603404463
8	9	5	1	2.7957339562268793
9	8	5	1	2.7957339562268793
9	80	5	1	2.63111531904248
9	7	5	1	2.495573553414124
9	79	5	1	2.7854948701083617
10	76	5	1	2.8227096878885685
10	8	5	1	2.6757041906197303
10	11	5	1	2.723795335721833
10	648	5	1	2.72934075769223
11	82	5	1	2.503639678168562
11	81	5	1	2.864310193205343
11	10	5	1	2.723795335721833
11	8	5	1	2.5330291419563378
12	14	5	1	1.8105211468845106
12	18	5	1	2.455149884406245
12	13	5	1	2.3269278947840215
12	17	5	1	2.0591314977193664
13	14	5	1	2.747766995306553
13	16	5	1	2.342222709018929
13	12	5	1	2.3269278947840215
13	15	5	1	2.654660822535338
14	83	5	1	1.954537126169773
14	84	5	1	2.519723567936768
14	12	5	1	1.8105211468845106
14	13	5	1	2.747766995306553
15	16	5	1	2.267518750550914
15	13	5	1	2.654660822535338
15	19	5	1	2.4462857278282097
15	22	5	1	2.121359605559605
16	627	5	1	2.05620211312021
16	13	5	1	2.342222709018929
16	628	5	1	2.255828473089212
16	15	5	1	2.267518750550914
17	18	5	1	2.384430846051107
17	12	5	1	2.0591314977193664
17	89	5	1	1.9619722005166125
17	90	5	1	2.5165215675610644
18	86	5	1	2.1213438005660468
18	85	5	1	2.0634204252648076
18	12	5	1	2.455149884406245
18	17	5	1	2.384430846051107
19	21	5	1	2.1765802863106196
19	15	5	1	2.4462857278282097
19	22	5	1	2.6444353275124715
19	20	5	1	2.659261823099788
20	21	5	1	2.794360279689077
20	19	5	1	2.659261823099788
20	23	5	1	2.4024618578583095
20	26	5	1	2.8337341220347394
21	628	5	1	2.5214537076853096
21	629	5	1	2.502580975712872
21	19	5	1	2.1765802863106196
21	20	5	1	2.794360279689077
22	15	5	1	2.121359605559605
22	19	5	1	2.6444353275124715
22	90	5	1	2.3497427490897818
22	92	5	1	2.5832515808569627
23	20	5	1	2.4024618578583095
23	25	5	1	2.422332003173803
23	24	5	1	2.6236900743228038
23	26	5	1	2.4248538447502352
24	25	5	1	2.530051927708206
24	23	5	1	2.6236900743228038
24	27	5	1	2.1085112247507727
24	28	5	1	2.833732491767703
25	630	5	1	2.7770101278173223
25	631	5	1	2.2113957945153073
25	23	5	1	2.422332003173803
25	24	5	1	2.530051927708206
26	20	5	1	2.8337341220347394
26	23	5	1	2.4248538447502352
26	34	5	1	2.8336791589910124
26	96	5	1	2.4001215153404214
27	632	5	1	2.440384807771101
27	24	5	1	2.1085112247507727
27	633	5	1	2.602469068019827
27	28	5	1	2.5283237154288605
28	24	5	1	2.833732491767703
28	27	5	1	2.5283237154288605
28	29	5	1	2.5568898470798453
28	30	5	1	2.7255437182331157
29	28	5	1	2.5568898470798453
29	31	5	1	2.4890353332365542
29	30	5	1	2.350421406918341
29	32	5	1	2.6512169571915454
30	28	5	1	2.7255437182331157
30	29	5	1	2.350421406918341
30	634	5	1	2.6290092734716604
30	635	5	1	2.5892339504185418
31	34	5	1	2.7570986549088126
31	29	5	1	2.4890353332365542
31	33	5	1	2.074759297484891
31	32	5	1	2.461006176343328
32	29	5	1	2.6512169571915454
32	31	5	1	2.461006176343328
32	35	5	1	2.6002810414260984
32	38	5	1	2.4892440187534848
33	34	5	1	2.7567968674532395
33	31	5	1	2.074759297484891
33	103	5	1	2.27575929704791
33	104	5	1	2.6965632207682413
34	26	5	1	2.8336791589910124
34	96	5	1	2.470047748141725
34	31	5	1	2.7570986549088126
34	33	5	1	2.7567968674532395
35	32	5	1	2.6002810414260984
35	38	5	1	2.4861852497551347
35	37	5	1	2.320388932399047
35	36	5	1	2.717667362721197
36	35	5	1	2.717667362721197
36	37	5	1	2.425157831894655
36	40	5	1	2.1825675017281854
36	42	5	1	2.8212804228576793
37	635	5	1	2.6115298294294886
37	35	5	1	2.320388932399047
37	636	5	1	2.3155637326577767
37	36	5	1	2.425157831894655
38	104	5	1	2.057762077986666
38	32	5	1	2.4892440187534848
38	35	5	1	2.4861852497551347
38	107	5	1	2.696831558051039
39	636	5	1	2.2242293406930815
39	637	5	1	2.3110592203576203
39	40	5	1	2.449274880530975
39	41	5	1	2.176406382089525
40	36	5	1	2.1825675017281854
40	39	5	1	2.449274880530975
40	41	5	1	2.641560311709732
40	42	5	1	2.430934490602328
41	39	5	1	2.176406382089525
41	44	5	1	2.381873367750686
41	40	5	1	2.641560311709732
41	43	5	1	2.561721751088513
42	36	5	1	2.8212804228576793
42	40	5	1	2.430934490602328
42	110	5	1	2.5779931055183205
42	111	5	1	2.7088008813679916
43	44	5	1	2.1647174157381417
43	41	5	1	2.561721751088513
43	639	5	1	2.2813921561187174
43	47	5	1	2.3135606540568583
44	638	5	1	2.144680677863254
44	41	5	1	2.381873367750686
44	599	5	1	2.3639268051274342
44	43	5	1	2.1647174157381417
45	47	5	1	2.030263119031613
45	46	5	1	2.6565276690446864
45	48	5	1	2.6259801366537427
45	51	5	1	2.483559983350517
46	110	5	1	2.7489890902657295
46	47	5	1	2.5045219513711556
46	114	5	1	2.362039079185609
46	45	5	1	2.6565276690446864
47	639	5	1	2.5645695252810006
47	43	5	1	2.3135606540568583
47	46	5	1	2.5045219513711556
47	45	5	1	2.030263119031613
48	49	5	1	2.369889012506701
48	45	5	1	2.6259801366537427
48	51	5	1	1.8777183639726167
48	50	5	1	2.3933438490112575
49	640	5	1	2.237928153449079
49	48	5	1	2.369889012506701
49	641	5	1	2.2347022396731093
49	50	5	1	2.4739924050004674
50	48	5	1	2.3933438490112575
50	49	5	1	2.4739924050004674
50	52	5	1	2.566370497823722
50	55	5	1	2.234198081997206
51	48	5	1	1.8777183639726167
51	45	5	1	2.483559983350517
51	117	5	1	2.223145853424825
51	118	5	1	2.4856243380889236
52	50	5	1	2.566370497823722
52	55	5	1	2.2078238046773553
52	53	5	1	1.9243028628830712
52	54	5	1	2.6464629815094747
53	642	5	1	2.7082748844975133
53	52	5	1	1.9243028628830712
53	643	5	1	1.946392529784266
53	54	5	1	2.514695753684726
54	52	5	1	2.6464629815094747
54	53	5	1	2.514695753684726
54	57	5	1	2.130053550970018
54	59	5	1	2.7884552278277672
55	50	5	1	2.234198081997206
55	52	5	1	2.2078238046773553
55	118	5	1	1.9702970746818864
55	124	5	1	2.5420774673483097
56	644	5	1	2.44135601664321
56	643	5	1	2.40169700212162
56	58	5	1	2.37295166406735
56	57	5	1	2.2465278101105204
57	56	5	1	2.2465278101105204
57	54	5	1	2.130053550970018
57	58	5	1	2.678148716109695
57	59	5	1	2.428846732834331
58	56	5	1	2.37295166406735
58	1	5	1	2.521048521944786
58	57	5	1	2.678148716109695
58	62	5	1	2.23730982432027
59	54	5	1	2.7884552278277672
59	57	5	1	2.428846732834331
59	64	5	1	2.243065496680825
59	126	5	1	2.7957804629298053
60	64	5	1	2.7261329905380625
60	61	5	1	2.440382142800583
60	62	5	1	2.309383319611534
60	63	5	1	1.903353651453139
61	62	5	1	2.5005557882198937
61	60	5	1	2.440382142800583
61	66	5	1	2.626848427298384
61	65	5	1	2.277346269872012
62	1	5	1	2.4612286890900608
62	58	5	1	2.23730982432027
62	61	5	1	2.5005557882198937
62	60	5	1	2.309383319611534
63	64	5	1	2.5405379897966482
63	60	5	1	1.903353651453139
63	67	5	1	2.2515893524575064
63	68	5	1	2.5400385468728595
64	59	5	1	2.243065496680825
64	126	5	1	2.518593324874027
64	60	5	1	2.7261329905380625
64	63	5	1	2.5405379897966482
65	61	5	1	2.277346269872012
65	66	5	1	2.313473752368932
65	68	5	1	2.0291008532106023
65	69	5	1	2.7642376167037535
66	61	5	1	2.626848427298384
66	615	5	1	2.6627897044265465
66	647	5	1	2.218006269152544
66	65	5	1	2.313473752368932
67	63	5	1	2.2515893524575064
67	130	5	1	2.35018260745841
67	68	5	1	2.245380324688891
67	131	5	1	2.124401636908613
68	63	5	1	2.5400385468728595
68	67	5	1	2.245380324688891
68	65	5	1	2.0291008532106023
68	69	5	1	2.335100767440249
69	65	5	1	2.7642376167037535
69	68	5	1	2.335100767440249
69	70	5	1	2.140959506856678
69	71	5	1	2.5874774306455217
70	69	5	1	2.140959506856678
70	131	5	1	2.397246855645026
70	134	5	1	2.649263339194502
70	71	5	1	2.6019908170668096
71	69	5	1	2.5874774306455217
71	70	5	1	2.6019908170668096
71	72	5	1	2.224384795848053
71	73	5	1	2.818394940901644
72	74	5	1	2.5363357920433147
72	71	5	1	2.224384795848053
72	75	5	1	2.3529352003189605
72	73	5	1	2.2534505539061653
73	72	5	1	2.2534505539061653
73	71	5	1	2.818394940901644
73	81	5	1	2.4673292751677884
73	138	5	1	2.490462724495198
74	647	5	1	2.769486640155544
74	618	5	1	2.0862153388372895
74	72	5	1	2.5363357920433147
74	75	5	1	2.4137535215717447
75	74	5	1	2.4137535215717447
75	72	5	1	2.3529352003189605
75	5	5	1	2.1856227584146306
75	82	5	1	2.3590125482709934
76	77	5	1	2.4674414445939736
76	78	5	1	2.8977756014053297
76	10	5	1	2.8227096878885685
76	648	5	1	2.2769269915612123
77	76	5	1	2.4674414445939736
77	78	5	1	1.9743538552144095
77	526	5	1	2.5094020049406214
77	569	5	1	2.2271856775985257
78	566	5	1	2.424072110231046
78	522	5	1	2.631082086495208
78	76	5	1	2.8977756014053297
78	77	5	1	1.9743538552144095
79	80	5	1	2.4760111272972978
79	9	5	1	2.7854948701083617
79	143	5	1	2.4492732451280315
79	144	5	1	2.9120492658263877
80	139	5	1	2.8997341456761228
80	189	5	1	2.1781939635624727
80	9	5	1	2.63111531904248
80	79	5	1	2.4760111272972978
81	82	5	1	2.296539622998039
81	73	5	1	2.4673292751677884
81	138	5	1	2.7535506493253368
81	11	5	1	2.864310193205343
82	5	5	1	2.7339091525506114
82	75	5	1	2.3590125482709934
82	81	5	1	2.296539622998039
82	11	5	1	2.503639678168562
83	625	5	1	2.415528149722122
83	626	5	1	2.075277044252161
83	14	5	1	1.954537126169773
83	84	5	1	2.6364621783367186
84	7	5	1	2.780953469028204
84	83	5	1	2.6364621783367186
84	14	5	1	2.519723567936768
84	86	5	1	2.120031973956997
85	18	5	1	2.0634204252648076
85	86	5	1	2.7178430304195267
85	88	5	1	2.4813315355268424
85	87	5	1	2.2297797493474554
86	7	5	1	2.38329472598334
86	84	5	1	2.120031973956997
86	18	5	1	2.1213438005660468
86	85	5	1	2.7178430304195267
87	85	5	1	2.2297797493474554
87	88	5	1	2.4336025432679005
87	89	5	1	2.3099674789052775
87	91	5	1	2.5841466548166343
88	85	5	1	2.4813315355268424
88	144	5	1	2.159689874079148
88	147	5	1	2.271663259046112
88	87	5	1	2.4336025432679005
89	17	5	1	1.9619722005166125
89	87	5	1	2.3099674789052775
89	91	5	1	2.0659589333769444
89	90	5	1	2.3771388322098472
90	17	5	1	2.5165215675610644
90	89	5	1	2.3771388322098472
90	22	5	1	2.3497427490897818
90	92	5	1	1.9872702747487558
91	89	5	1	2.0659589333769444
91	87	5	1	2.5841466548166343
91	150	5	1	1.8675491483760203
91	152	5	1	2.2051858321692515
92	22	5	1	2.5832515808569627
92	90	5	1	1.9872702747487558
92	94	5	1	2.1426938504835453
92	152	5	1	2.3418374322100153
93	94	5	1	1.8083299904608119
93	95	5	1	2.4147044834513407
93	98	5	1	2.0537442160356782
93	156	5	1	2.6940334040430898
94	92	5	1	2.1426938504835453
94	152	5	1	2.5789313639567846
94	95	5	1	2.6948252819060476
94	93	5	1	1.8083299904608119
95	94	5	1	2.6948252819060476
95	93	5	1	2.4147044834513407
95	96	5	1	2.770384003725837
95	100	5	1	2.1138381056504754
96	95	5	1	2.770384003725837
96	26	5	1	2.4001215153404214
96	34	5	1	2.470047748141725
96	100	5	1	2.3292822867999496
97	98	5	1	2.177894289078328
97	158	5	1	2.2561256392319997
97	99	5	1	2.5607327335159367
97	157	5	1	2.0930308454487725
98	93	5	1	2.0537442160356782
98	97	5	1	2.177894289078328
98	156	5	1	2.2252820860286455
98	99	5	1	2.2978670681525517
99	97	5	1	2.5607327335159367
99	98	5	1	2.2978670681525517
99	100	5	1	2.2671009316084714
99	102	5	1	2.3117775269476066
100	95	5	1	2.1138381056504754
100	96	5	1	2.3292822867999496
100	99	5	1	2.2671009316084714
100	102	5	1	2.5469483701088254
101	102	5	1	2.2340880718763088
101	106	5	1	2.4807861413068237
101	103	5	1	2.4412639677224575
101	105	5	1	2.3980889026264234
102	99	5	1	2.3117775269476066
102	100	5	1	2.5469483701088254
102	103	5	1	2.3987206543488973
102	101	5	1	2.2340880718763088
103	102	5	1	2.3987206543488973
103	33	5	1	2.27575929704791
103	104	5	1	2.5074718724045533
103	101	5	1	2.4412639677224575
104	33	5	1	2.6965632207682413
104	103	5	1	2.5074718724045533
104	38	5	1	2.057762077986666
104	107	5	1	2.8146538227817643
105	106	5	1	2.1685346434862414
105	101	5	1	2.3980889026264234
105	162	5	1	2.1749527121296213
105	163	5	1	2.5588756319915174
106	157	5	1	2.394571688214825
106	159	5	1	2.300764136107829
106	101	5	1	2.4807861413068237
106	105	5	1	2.1685346434862414
107	104	5	1	2.8146538227817643
107	38	5	1	2.696831558051039
107	108	5	1	2.4939823143117916
107	109	5	1	2.9376902537367693
108	107	5	1	2.4939823143117916
108	163	5	1	2.4326105249505092
108	165	5	1	2.6223234976066543
108	109	5	1	2.0576546202898114
109	107	5	1	2.9376902537367693
109	108	5	1	2.0576546202898114
109	112	5	1	2.682758344484272
109	168	5	1	2.533810316677238
110	42	5	1	2.5779931055183205
110	111	5	1	2.3406937628831295
110	46	5	1	2.7489890902657295
110	114	5	1	2.324061873616965
111	112	5	1	2.605734112011434
111	42	5	1	2.7088008813679916
111	110	5	1	2.3406937628831295
111	113	5	1	2.440452737280522
112	109	5	1	2.682758344484272
112	168	5	1	2.5158130017948457
112	111	5	1	2.605734112011434
112	113	5	1	2.6260001786747886
113	112	5	1	2.6260001786747886
113	111	5	1	2.440452737280522
113	116	5	1	2.2616912543492758
113	170	5	1	2.8631918692955214
114	110	5	1	2.324061873616965
114	46	5	1	2.362039079185609
114	115	5	1	2.560875512027088
114	116	5	1	2.383638569938823
115	114	5	1	2.560875512027088
115	116	5	1	2.348866969498269
115	120	5	1	2.458523735415218
115	119	5	1	2.6183466863652733
116	113	5	1	2.2616912543492758
116	114	5	1	2.383638569938823
116	115	5	1	2.348866969498269
116	170	5	1	2.2764760394961328
117	51	5	1	2.223145853424825
117	120	5	1	2.4060660755681678
117	121	5	1	1.9777754898875668
117	118	5	1	2.161868262059466
118	51	5	1	2.4856243380889236
118	117	5	1	2.161868262059466
118	55	5	1	1.9702970746818864
118	124	5	1	2.351424872816479
119	115	5	1	2.6183466863652733
119	120	5	1	1.849168737460159
119	174	5	1	2.486090203512337
119	173	5	1	2.2099691242187065
120	115	5	1	2.458523735415218
120	117	5	1	2.4060660755681678
120	121	5	1	2.3738056130188947
120	119	5	1	1.849168737460159
121	117	5	1	1.9777754898875668
121	120	5	1	2.3738056130188947
121	122	5	1	2.4554307903298733
121	123	5	1	2.1518439059560057
122	121	5	1	2.4554307903298733
122	124	5	1	1.8967467817555415
122	123	5	1	2.443792898856203
122	125	5	1	2.128815640702597
123	121	5	1	2.1518439059560057
123	174	5	1	2.030000229064022
123	122	5	1	2.443792898856203
123	176	5	1	1.8831234293056847
124	55	5	1	2.5420774673483097
124	118	5	1	2.351424872816479
124	122	5	1	1.8967467817555415
124	125	5	1	2.6992859092730432
125	122	5	1	2.128815640702597
125	124	5	1	2.6992859092730432
125	128	5	1	2.5524235941747615
125	178	5	1	2.154286887487365
126	59	5	1	2.7957804629298053
126	64	5	1	2.518593324874027
126	127	5	1	2.7629959703372715
126	133	5	1	2.4076601276758285
127	128	5	1	2.6424587773700465
127	126	5	1	2.7629959703372715
127	129	5	1	2.7189428275710408
127	133	5	1	2.5605881681558995
128	125	5	1	2.5524235941747615
128	178	5	1	2.599777589121812
128	127	5	1	2.6424587773700465
128	129	5	1	2.247077058514013
129	128	5	1	2.247077058514013
129	127	5	1	2.7189428275710408
129	181	5	1	2.437380719132733
129	230	5	1	2.6987506739230276
130	67	5	1	2.35018260745841
130	133	5	1	2.5719792274433337
130	132	5	1	1.8292155351680137
130	131	5	1	2.5784209824037703
131	67	5	1	2.124401636908613
131	130	5	1	2.5784209824037703
131	70	5	1	2.397246855645026
131	134	5	1	2.0227701457407288
132	130	5	1	1.8292155351680137
132	133	5	1	2.7579242007169107
132	184	5	1	2.2754323844931084
132	186	5	1	2.5173820414271586
133	126	5	1	2.4076601276758285
133	127	5	1	2.5605881681558995
133	130	5	1	2.5719792274433337
133	132	5	1	2.7579242007169107
134	70	5	1	2.649263339194502
134	131	5	1	2.0227701457407288
134	186	5	1	2.2278967726535273
134	187	5	1	2.3672493367619785
135	187	5	1	2.649552326337405
135	188	5	1	2.8278395069204274
135	137	5	1	3.026626962478203
135	136	5	1	2.1490910745941028
136	135	5	1	2.1490910745941028
136	137	5	1	2.34747765716737
136	142	5	1	2.489778088505071
136	190	5	1	2.519270438043521
137	135	5	1	3.026626962478203
137	138	5	1	2.670927670323554
137	136	5	1	2.34747765716737
137	139	5	1	2.765605807504019
138	73	5	1	2.490462724495198
138	81	5	1	2.7535506493253368
138	137	5	1	2.670927670323554
138	139	5	1	2.4306822983680845
139	138	5	1	2.4306822983680845
139	137	5	1	2.765605807504019
139	80	5	1	2.8997341456761228
139	189	5	1	2.494393744960894
140	142	5	1	2.513905653281372
140	146	5	1	2.4223903732470533
140	189	5	1	2.33956095361929
140	141	5	1	2.3111343629482044
141	142	5	1	2.3400342924837707
141	246	5	1	2.0935170885378533
141	140	5	1	2.3111343629482044
141	191	5	1	2.4571759501509005
142	136	5	1	2.489778088505071
142	190	5	1	2.256068192675035
142	140	5	1	2.513905653281372
142	141	5	1	2.3400342924837707
143	146	5	1	2.1535469968403294
143	79	5	1	2.4492732451280315
143	145	5	1	2.6435953767738365
143	144	5	1	2.1817663592832295
144	79	5	1	2.9120492658263877
144	143	5	1	2.1817663592832295
144	88	5	1	2.159689874079148
144	147	5	1	2.8889229791221505
145	146	5	1	2.61014235483431
145	143	5	1	2.6435953767738365
145	192	5	1	2.2875249534158084
145	194	5	1	2.8517612531381373
146	140	5	1	2.4223903732470533
146	189	5	1	2.546116207972449
146	143	5	1	2.1535469968403294
146	145	5	1	2.61014235483431
147	88	5	1	2.271663259046112
147	144	5	1	2.8889229791221505
147	149	5	1	2.477150760450401
147	148	5	1	2.8682623310987436
148	147	5	1	2.8682623310987436
148	149	5	1	2.117020578549013
148	200	5	1	2.5296532568713834
148	199	5	1	2.614399575428362
149	147	5	1	2.477150760450401
149	150	5	1	2.665414422730543
149	151	5	1	2.384059143561669
149	148	5	1	2.117020578549013
150	91	5	1	1.8675491483760203
150	149	5	1	2.665414422730543
150	151	5	1	2.091601876290037
150	152	5	1	2.760449620188712
151	149	5	1	2.384059143561669
151	150	5	1	2.091601876290037
151	201	5	1	2.328658551612924
151	202	5	1	2.2971844418766203
152	91	5	1	2.2051858321692515
152	150	5	1	2.760449620188712
152	92	5	1	2.3418374322100153
152	94	5	1	2.5789313639567846
153	155	5	1	2.4457540043921
153	158	5	1	2.471701701257658
153	204	5	1	2.484967148676215
153	154	5	1	2.2656478477468656
154	155	5	1	2.6108307222031835
154	153	5	1	2.2656478477468656
154	205	5	1	2.318138237896952
154	206	5	1	2.703402422873813
155	203	5	1	2.45145968965431
155	258	5	1	2.415117396732509
155	153	5	1	2.4457540043921
155	154	5	1	2.6108307222031835
156	201	5	1	2.62033884259269
156	93	5	1	2.6940334040430898
156	98	5	1	2.2252820860286455
156	204	5	1	2.2587355511436047
157	97	5	1	2.0930308454487725
157	158	5	1	2.564673269638846
157	106	5	1	2.394571688214825
157	159	5	1	2.3310291718466325
158	97	5	1	2.2561256392319997
158	153	5	1	2.471701701257658
158	204	5	1	2.1805850247124043
158	157	5	1	2.564673269638846
159	106	5	1	2.300764136107829
159	157	5	1	2.3310291718466325
159	161	5	1	2.406218360830954
159	160	5	1	2.0871912633968166
160	159	5	1	2.0871912633968166
160	161	5	1	2.497803493071463
160	162	5	1	2.2949899564050398
160	164	5	1	2.444236398141555
161	159	5	1	2.406218360830954
161	206	5	1	2.446940851348883
161	207	5	1	2.307402214612786
161	160	5	1	2.497803493071463
162	105	5	1	2.1749527121296213
162	160	5	1	2.2949899564050398
162	164	5	1	2.3315506964250208
162	163	5	1	2.2050895673418793
163	105	5	1	2.5588756319915174
163	162	5	1	2.2050895673418793
163	108	5	1	2.4326105249505092
163	165	5	1	2.2085665600112674
164	160	5	1	2.444236398141555
164	162	5	1	2.3315506964250208
164	210	5	1	2.080543414591487
164	167	5	1	2.1434435681864845
165	108	5	1	2.6223234976066543
165	163	5	1	2.2085665600112674
165	167	5	1	2.419286111645335
165	166	5	1	2.126166503357629
166	165	5	1	2.126166503357629
166	167	5	1	2.8637701740886956
166	168	5	1	2.4177913661025423
166	169	5	1	2.5316781805750876
167	164	5	1	2.1434435681864845
167	210	5	1	2.924965198083563
167	165	5	1	2.419286111645335
167	166	5	1	2.8637701740886956
168	109	5	1	2.533810316677238
168	112	5	1	2.5158130017948457
168	166	5	1	2.4177913661025423
168	169	5	1	2.7232260758152265
169	168	5	1	2.7232260758152265
169	166	5	1	2.5316781805750876
169	216	5	1	2.445584259435768
169	217	5	1	2.7594256232049466
170	113	5	1	2.8631918692955214
170	116	5	1	2.2764760394961328
170	171	5	1	2.7622856206409967
170	172	5	1	2.3704326103055533
171	170	5	1	2.7622856206409967
171	172	5	1	2.415565476239469
171	173	5	1	2.358007790487558
171	175	5	1	2.874734579052471
172	217	5	1	2.5861408043646787
172	170	5	1	2.3704326103055533
172	171	5	1	2.415565476239469
172	219	5	1	2.1669674409183
173	171	5	1	2.358007790487558
173	119	5	1	2.2099691242187065
173	174	5	1	2.4220224462213387
173	175	5	1	2.026354697480181
174	119	5	1	2.486090203512337
174	173	5	1	2.4220224462213387
174	123	5	1	2.030000229064022
174	176	5	1	2.7857892274901173
175	171	5	1	2.874734579052471
175	173	5	1	2.026354697480181
175	223	5	1	1.942095839550667
175	226	5	1	2.8868957324434183
176	174	5	1	2.7857892274901173
176	123	5	1	1.8831234293056847
176	177	5	1	2.1981251374751167
176	178	5	1	2.486592811459083
177	176	5	1	2.1981251374751167
177	180	5	1	2.3760915912481133
177	178	5	1	2.5608290552084876
177	179	5	1	2.2483429676097004
178	176	5	1	2.486592811459083
178	177	5	1	2.5608290552084876
178	125	5	1	2.154286887487365
178	128	5	1	2.599777589121812
179	177	5	1	2.2483429676097004
179	180	5	1	2.7446400948029543
179	231	5	1	2.3922651399876274
179	230	5	1	2.6011674013796244
180	226	5	1	2.7311275345541812
180	177	5	1	2.3760915912481133
180	227	5	1	2.2991340913483076
180	179	5	1	2.7446400948029543
181	129	5	1	2.437380719132733
181	230	5	1	2.4846983981964437
181	183	5	1	2.710021420579551
181	182	5	1	2.3774071590705703
182	181	5	1	2.3774071590705703
182	235	5	1	2.5648467186169235
182	183	5	1	2.1612599334647387
182	234	5	1	2.2918092634423184
183	181	5	1	2.710021420579551
183	184	5	1	2.5438971834569064
183	185	5	1	2.4610655029884936
183	182	5	1	2.1612599334647387
184	132	5	1	2.2754323844931084
184	183	5	1	2.5438971834569064
184	185	5	1	2.239221170407247
184	186	5	1	2.515168832683007
185	184	5	1	2.239221170407247
185	183	5	1	2.4610655029884936
185	237	5	1	2.5043425584372403
185	236	5	1	2.1130037624197455
186	132	5	1	2.5173820414271586
186	184	5	1	2.515168832683007
186	134	5	1	2.2278967726535273
186	187	5	1	2.6768571836390627
187	134	5	1	2.3672493367619785
187	186	5	1	2.6768571836390627
187	135	5	1	2.649552326337405
187	188	5	1	2.086800952391004
188	187	5	1	2.086800952391004
188	237	5	1	2.755986661796466
188	135	5	1	2.8278395069204274
188	239	5	1	2.4735517176723825
189	80	5	1	2.1781939635624727
189	139	5	1	2.494393744960894
189	140	5	1	2.33956095361929
189	146	5	1	2.546116207972449
190	241	5	1	2.6249099222639996
190	136	5	1	2.519270438043521
190	142	5	1	2.256068192675035
190	245	5	1	2.164426173377137
191	246	5	1	2.5889234538703536
191	141	5	1	2.4571759501509005
191	192	5	1	2.5264776698795632
191	193	5	1	2.4577315229495706
192	191	5	1	2.5264776698795632
192	145	5	1	2.2875249534158084
192	193	5	1	2.3180083041481967
192	194	5	1	2.223830006632702
193	191	5	1	2.4577315229495706
193	197	5	1	2.422867618835168
193	192	5	1	2.3180083041481967
193	198	5	1	2.3168364411196576
194	145	5	1	2.8517612531381373
194	192	5	1	2.223830006632702
194	195	5	1	2.42410724523483
194	196	5	1	2.8073485504297473
195	194	5	1	2.42410724523483
195	198	5	1	2.1826386747237847
195	196	5	1	2.0761913277923116
195	253	5	1	2.4636836639674353
196	194	5	1	2.8073485504297473
196	195	5	1	2.0761913277923116
196	256	5	1	2.558097793986774
196	199	5	1	2.220826403751541
197	251	5	1	2.4988232634782377
197	250	5	1	2.4078108507314293
197	193	5	1	2.422867618835168
197	198	5	1	2.4319324546746777
198	197	5	1	2.4319324546746777
198	193	5	1	2.3168364411196576
198	195	5	1	2.1826386747237847
198	253	5	1	2.6397179008560747
199	196	5	1	2.220826403751541
199	256	5	1	2.660877103513052
199	148	5	1	2.614399575428362
199	200	5	1	2.2965610856234577
200	148	5	1	2.5296532568713834
200	199	5	1	2.2965610856234577
200	202	5	1	2.130501689743522
200	203	5	1	2.7506662992809576
201	151	5	1	2.328658551612924
201	202	5	1	2.5198118838516494
201	156	5	1	2.62033884259269
201	204	5	1	2.247476246815526
202	151	5	1	2.2971844418766203
202	200	5	1	2.130501689743522
202	201	5	1	2.5198118838516494
202	203	5	1	2.3964665697647436
203	200	5	1	2.7506662992809576
203	202	5	1	2.3964665697647436
203	155	5	1	2.45145968965431
203	258	5	1	2.61192723673536
204	201	5	1	2.247476246815526
204	156	5	1	2.2587355511436047
204	153	5	1	2.484967148676215
204	158	5	1	2.1805850247124043
205	154	5	1	2.318138237896952
205	261	5	1	2.3802424351313483
205	206	5	1	2.104555461374206
205	262	5	1	2.3298856023418835
206	154	5	1	2.703402422873813
206	205	5	1	2.104555461374206
206	161	5	1	2.446940851348883
206	207	5	1	2.5015335796267033
207	161	5	1	2.307402214612786
207	206	5	1	2.5015335796267033
207	208	5	1	2.134799224751594
207	209	5	1	2.3670358024330764
208	207	5	1	2.134799224751594
208	262	5	1	2.4191371292260406
208	264	5	1	2.9253397016415033
208	209	5	1	2.9773976623890848
209	207	5	1	2.3670358024330764
209	208	5	1	2.9773976623890848
209	210	5	1	2.8426123495826863
209	211	5	1	2.6063746181238026
210	164	5	1	2.080543414591487
210	209	5	1	2.8426123495826863
210	167	5	1	2.924965198083563
210	211	5	1	2.04210740657782
211	210	5	1	2.04210740657782
211	209	5	1	2.6063746181238026
211	213	5	1	2.577903382596021
211	212	5	1	2.281044762822511
212	211	5	1	2.281044762822511
212	213	5	1	2.5485217715373762
212	270	5	1	1.9308011834469152
212	268	5	1	2.8130606552294606
213	211	5	1	2.577903382596021
213	212	5	1	2.5485217715373762
213	214	5	1	2.9209383304000087
213	215	5	1	2.1245681820078204
214	213	5	1	2.9209383304000087
214	216	5	1	2.669721217655505
214	215	5	1	2.0098561963483865
214	218	5	1	2.457429063065711
215	213	5	1	2.1245681820078204
215	214	5	1	2.0098561963483865
215	271	5	1	2.186237500821903
215	272	5	1	2.487887065362892
216	169	5	1	2.445584259435768
216	214	5	1	2.669721217655505
216	217	5	1	2.3725519256699115
216	218	5	1	2.3799081200752297
217	169	5	1	2.7594256232049466
217	216	5	1	2.3725519256699115
217	172	5	1	2.5861408043646787
217	219	5	1	2.6988170093579895
218	216	5	1	2.3799081200752297
218	214	5	1	2.457429063065711
218	221	5	1	2.724337425870738
218	274	5	1	2.270942306620755
219	217	5	1	2.6988170093579895
219	172	5	1	2.1669674409183
219	225	5	1	2.7237232164814373
219	220	5	1	2.4361615258434717
220	221	5	1	2.1981568870305868
220	219	5	1	2.4361615258434717
220	225	5	1	2.1865792690867583
220	222	5	1	2.318366211365236
221	218	5	1	2.724337425870738
221	274	5	1	2.2218521935538393
221	220	5	1	2.1981568870305868
221	222	5	1	2.72446999065873
222	221	5	1	2.72446999065873
222	220	5	1	2.318366211365236
222	278	5	1	2.6636906746092004
222	279	5	1	2.360793826237267
223	225	5	1	2.527283879978664
223	175	5	1	1.942095839550667
223	226	5	1	2.4944625593502123
223	224	5	1	2.3450786767185416
224	225	5	1	2.434451053112388
224	223	5	1	2.3450786767185416
224	280	5	1	2.567525442911906
224	279	5	1	2.1490302487401176
225	219	5	1	2.7237232164814373
225	220	5	1	2.1865792690867583
225	223	5	1	2.527283879978664
225	224	5	1	2.434451053112388
226	175	5	1	2.8868957324434183
226	223	5	1	2.4944625593502123
226	180	5	1	2.7311275345541812
226	227	5	1	2.6414934715043294
227	226	5	1	2.6414934715043294
227	180	5	1	2.2991340913483076
227	228	5	1	2.442003951675755
227	229	5	1	2.634885595239385
228	280	5	1	2.4667265799030074
228	227	5	1	2.442003951675755
228	229	5	1	2.5463646635939683
228	283	5	1	2.5441868877894933
229	227	5	1	2.634885595239385
229	228	5	1	2.5463646635939683
229	232	5	1	2.586590243931186
229	286	5	1	2.535786728019528
230	179	5	1	2.6011674013796244
230	231	5	1	2.6534875258798567
230	129	5	1	2.6987506739230276
230	181	5	1	2.4846983981964437
231	179	5	1	2.3922651399876274
231	232	5	1	2.535783549516794
231	230	5	1	2.6534875258798567
231	233	5	1	2.448134167074994
232	229	5	1	2.586590243931186
232	231	5	1	2.535783549516794
232	286	5	1	2.566127264965635
232	233	5	1	2.6169302111443455
233	231	5	1	2.448134167074994
233	232	5	1	2.6169302111443455
233	235	5	1	2.435357232522571
233	289	5	1	2.7382003578993275
234	235	5	1	2.4535378802863486
234	182	5	1	2.2918092634423184
234	238	5	1	2.178706508458629
234	236	5	1	2.3977366431699654
235	233	5	1	2.435357232522571
235	289	5	1	2.2033369624276724
235	182	5	1	2.5648467186169235
235	234	5	1	2.4535378802863486
236	185	5	1	2.1130037624197455
236	234	5	1	2.3977366431699654
236	238	5	1	2.7150611926805603
236	237	5	1	2.7511223836827035
237	185	5	1	2.5043425584372403
237	236	5	1	2.7511223836827035
237	188	5	1	2.755986661796466
237	239	5	1	2.2731511036444525
238	234	5	1	2.178706508458629
238	290	5	1	2.3877302297370204
238	236	5	1	2.7150611926805603
238	292	5	1	2.233689694205533
239	237	5	1	2.2731511036444525
239	188	5	1	2.4735517176723825
239	240	5	1	2.5580969489055727
239	241	5	1	2.2027780755219095
240	293	5	1	2.7490858571532435
240	239	5	1	2.5580969489055727
240	241	5	1	2.563242331501257
240	295	5	1	2.2790431259631774
241	239	5	1	2.2027780755219095
241	240	5	1	2.563242331501257
241	190	5	1	2.6249099222639996
241	245	5	1	2.4367672108759173
242	245	5	1	2.249997444442996
242	246	5	1	2.4533481204264445
242	243	5	1	2.301495550723484
242	244	5	1	2.4446931198005273
243	242	5	1	2.301495550723484
243	244	5	1	2.289440010133483
243	299	5	1	2.2072083046237396
243	251	5	1	2.538951454833278
244	295	5	1	2.469474269961112
244	296	5	1	2.14360497526946
244	242	5	1	2.4446931198005273
244	243	5	1	2.289440010133483
245	241	5	1	2.4367672108759173
245	190	5	1	2.164426173377137
245	242	5	1	2.249997444442996
245	246	5	1	2.3817708244077567
246	242	5	1	2.4533481204264445
246	245	5	1	2.3817708244077567
246	141	5	1	2.0935170885378533
246	191	5	1	2.5889234538703536
247	298	5	1	2.6511035626697006
247	299	5	1	2.1208640597643202
247	248	5	1	2.2848419135686555
247	249	5	1	2.537318196915796
248	247	5	1	2.2848419135686555
248	250	5	1	2.253687167820768
248	249	5	1	2.273880569950851
248	252	5	1	2.3388790686138514
249	247	5	1	2.537318196915796
249	248	5	1	2.273880569950851
249	300	5	1	2.4120591459257352
249	306	5	1	2.161162072242615
250	197	5	1	2.4078108507314293
250	251	5	1	2.1399423156711537
250	248	5	1	2.253687167820768
250	252	5	1	2.546390071768265
251	243	5	1	2.538951454833278
251	299	5	1	2.339685391243874
251	197	5	1	2.4988232634782377
251	250	5	1	2.1399423156711537
252	250	5	1	2.546390071768265
252	248	5	1	2.3388790686138514
252	303	5	1	2.510199302525599
252	307	5	1	2.1224840038030943
253	198	5	1	2.6397179008560747
253	195	5	1	2.4636836639674353
253	254	5	1	2.3213018041822995
253	255	5	1	2.507708375070752
254	253	5	1	2.3213018041822995
254	256	5	1	2.2161776305161074
254	255	5	1	2.6316356881035046
254	257	5	1	2.6108728904333893
255	303	5	1	2.5638704535330947
255	253	5	1	2.507708375070752
255	254	5	1	2.6316356881035046
255	304	5	1	2.5051420641552453
256	196	5	1	2.558097793986774
256	254	5	1	2.2161776305161074
256	199	5	1	2.660877103513052
256	257	5	1	2.7946849124722433
257	254	5	1	2.6108728904333893
257	256	5	1	2.7946849124722433
257	310	5	1	2.7456852332341386
257	260	5	1	2.570100920197493
258	155	5	1	2.415117396732509
258	203	5	1	2.61192723673536
258	259	5	1	2.417357846906409
258	260	5	1	2.555096667447242
259	258	5	1	2.417357846906409
259	260	5	1	2.570713399039263
259	261	5	1	2.6005734944431
259	263	5	1	2.6176657254126257
260	257	5	1	2.570100920197493
260	310	5	1	2.383806422510015
260	258	5	1	2.555096667447242
260	259	5	1	2.570713399039263
261	259	5	1	2.6005734944431
261	205	5	1	2.3802424351313483
261	263	5	1	2.1471171020696556
261	262	5	1	2.586173832131166
262	205	5	1	2.3298856023418835
262	261	5	1	2.586173832131166
262	208	5	1	2.4191371292260406
262	264	5	1	2.011348045466026
263	259	5	1	2.6176657254126257
263	315	5	1	2.304389552571353
263	261	5	1	2.1471171020696556
263	318	5	1	2.308835567986597
264	318	5	1	2.563460161578487
264	208	5	1	2.9253397016415033
264	262	5	1	2.011348045466026
264	316	5	1	2.529063878196833
265	267	5	1	2.854301359352232
265	266	5	1	2.139281678507998
265	268	5	1	2.7304006922061825
265	269	5	1	2.4891086135401954
266	267	5	1	2.4042417203767195
266	265	5	1	2.139281678507998
266	319	5	1	2.341455017718684
266	320	5	1	2.68966411657664
267	316	5	1	2.5506923079822834
267	317	5	1	2.6727212686698176
267	265	5	1	2.854301359352232
267	266	5	1	2.4042417203767195
268	265	5	1	2.7304006922061825
268	212	5	1	2.8130606552294606
268	270	5	1	2.201531725867245
268	269	5	1	2.188554484128736
269	265	5	1	2.4891086135401954
269	268	5	1	2.188554484128736
269	321	5	1	2.462695129324779
269	322	5	1	2.6693304403913727
270	212	5	1	1.9308011834469152
270	268	5	1	2.201531725867245
270	271	5	1	2.4213317203555556
270	273	5	1	2.383205673037894
271	270	5	1	2.4213317203555556
271	215	5	1	2.186237500821903
271	272	5	1	2.4286509382782833
271	273	5	1	2.196109291451588
272	215	5	1	2.487887065362892
272	271	5	1	2.4286509382782833
272	274	5	1	2.084342591802031
272	275	5	1	2.5124686366201665
273	270	5	1	2.383205673037894
273	321	5	1	1.971710772400456
273	271	5	1	2.196109291451588
273	325	5	1	2.375398545507677
274	272	5	1	2.084342591802031
274	218	5	1	2.270942306620755
274	221	5	1	2.2218521935538393
274	275	5	1	2.5027033803469387
275	272	5	1	2.5124686366201665
275	274	5	1	2.5027033803469387
275	276	5	1	2.1480202047466874
275	277	5	1	2.613495314707871
276	325	5	1	2.578596183972977
276	326	5	1	2.384926770364242
276	275	5	1	2.1480202047466874
276	277	5	1	2.54079655226466
277	275	5	1	2.613495314707871
277	276	5	1	2.54079655226466
277	281	5	1	2.6735773805895344
277	329	5	1	2.3923644580205576
278	222	5	1	2.6636906746092004
278	281	5	1	2.2275953963859796
278	279	5	1	2.307585859724399
278	282	5	1	2.5763829723082696
279	222	5	1	2.360793826237267
279	278	5	1	2.307585859724399
279	224	5	1	2.1490302487401176
279	280	5	1	2.5714555508505312
280	224	5	1	2.567525442911906
280	279	5	1	2.5714555508505312
280	228	5	1	2.4667265799030074
280	283	5	1	2.4771650611132117
281	277	5	1	2.6735773805895344
281	278	5	1	2.2275953963859796
281	329	5	1	2.2550571810931954
281	282	5	1	2.6464114513809114
282	278	5	1	2.5763829723082696
282	281	5	1	2.6464114513809114
282	285	5	1	2.555202326626992
282	334	5	1	2.53873256764079
283	280	5	1	2.4771650611132117
283	285	5	1	2.456821051684473
283	228	5	1	2.5441868877894933
283	284	5	1	2.4687778859184526
284	285	5	1	2.6213388277748435
284	283	5	1	2.4687778859184526
284	287	5	1	2.5837952743977226
284	339	5	1	2.5907437426345354
285	282	5	1	2.555202326626992
285	334	5	1	2.5306379946566837
285	283	5	1	2.456821051684473
285	284	5	1	2.6213388277748435
286	229	5	1	2.535786728019528
286	232	5	1	2.566127264965635
286	288	5	1	2.679558360999066
286	287	5	1	2.556232735883023
287	284	5	1	2.5837952743977226
287	286	5	1	2.556232735883023
287	288	5	1	2.4364239635170235
287	339	5	1	2.4317106571300773
288	286	5	1	2.679558360999066
288	287	5	1	2.4364239635170235
288	341	5	1	2.7534230786422946
288	343	5	1	2.247801150013053
289	235	5	1	2.2033369624276724
289	233	5	1	2.7382003578993275
289	290	5	1	2.3751387748929536
289	291	5	1	2.5135087387952293
290	289	5	1	2.3751387748929536
290	238	5	1	2.3877302297370204
290	291	5	1	2.6881747748239895
290	292	5	1	2.7790578907248467
291	289	5	1	2.5135087387952293
291	341	5	1	2.6242805509320055
291	290	5	1	2.6881747748239895
291	342	5	1	2.3610647110996346
292	238	5	1	2.233689694205533
292	290	5	1	2.7790578907248467
292	293	5	1	2.599961393944144
292	294	5	1	2.4129692289790965
293	292	5	1	2.599961393944144
293	294	5	1	2.4173039217276764
293	240	5	1	2.7490858571532435
293	295	5	1	2.3305458459339543
294	292	5	1	2.4129692289790965
294	293	5	1	2.4173039217276764
294	344	5	1	2.448253093534247
294	345	5	1	2.6132875253213133
295	293	5	1	2.3305458459339543
295	240	5	1	2.2790431259631774
295	296	5	1	2.5840130417627525
295	244	5	1	2.469474269961112
296	295	5	1	2.5840130417627525
296	297	5	1	2.3466188655169384
296	244	5	1	2.14360497526946
296	298	5	1	2.3128975182657805
297	296	5	1	2.3466188655169384
297	345	5	1	2.2970005877230473
297	351	5	1	2.4552825356769032
297	298	5	1	2.455550987049544
298	296	5	1	2.3128975182657805
298	297	5	1	2.455550987049544
298	299	5	1	2.1933594370280507
298	247	5	1	2.6511035626697006
299	243	5	1	2.2072083046237396
299	298	5	1	2.1933594370280507
299	247	5	1	2.1208640597643202
299	251	5	1	2.339685391243874
300	302	5	1	2.689637738314218
300	249	5	1	2.4120591459257352
300	306	5	1	2.6562040644769747
300	301	5	1	2.092567219841694
301	302	5	1	2.669098542141897
301	300	5	1	2.092567219841694
301	353	5	1	2.1695342966784374
301	354	5	1	2.8421696981292293
302	352	5	1	2.800338188505097
302	403	5	1	2.4581862846415947
302	300	5	1	2.689637738314218
302	301	5	1	2.669098542141897
303	252	5	1	2.510199302525599
303	307	5	1	2.648868452754875
303	255	5	1	2.5638704535330947
303	304	5	1	2.334757332165379
304	303	5	1	2.334757332165379
304	255	5	1	2.5051420641552453
304	309	5	1	2.401524559191515
304	308	5	1	2.6330482659647556
305	306	5	1	2.5858027675172757
305	307	5	1	2.3097365654117343
305	356	5	1	2.5631978674304485
305	355	5	1	2.3743371404246703
306	249	5	1	2.161162072242615
306	300	5	1	2.6562040644769747
306	307	5	1	2.4416809525611645
306	305	5	1	2.5858027675172757
307	306	5	1	2.4416809525611645
307	252	5	1	2.1224840038030943
307	303	5	1	2.648868452754875
307	305	5	1	2.3097365654117343
308	304	5	1	2.6330482659647556
308	309	5	1	2.2409525547186395
308	312	5	1	2.5529493786599065
308	311	5	1	2.227199470186717
309	304	5	1	2.401524559191515
309	355	5	1	2.53880099702596
309	359	5	1	2.448082864692286
309	308	5	1	2.2409525547186395
310	257	5	1	2.7456852332341386
310	312	5	1	2.60251190967496
310	260	5	1	2.383806422510015
310	313	5	1	2.660733226011204
311	308	5	1	2.227199470186717
311	312	5	1	2.667289030082791
311	360	5	1	2.4866621805142737
311	362	5	1	2.4554604171112184
312	310	5	1	2.60251190967496
312	308	5	1	2.5529493786599065
312	311	5	1	2.667289030082791
312	313	5	1	2.4195456143664646
313	310	5	1	2.660733226011204
313	312	5	1	2.4195456143664646
313	315	5	1	2.621759927987307
313	314	5	1	2.482645607008783
314	313	5	1	2.482645607008783
314	315	5	1	2.535569602673135
314	364	5	1	2.682248692794909
314	365	5	1	2.507584305661525
315	313	5	1	2.621759927987307
315	314	5	1	2.535569602673135
315	263	5	1	2.304389552571353
315	318	5	1	2.8588949840803872
316	318	5	1	2.558104161288201
316	264	5	1	2.529063878196833
316	267	5	1	2.5506923079822834
316	317	5	1	2.43413983369896
317	366	5	1	2.824155925227925
317	316	5	1	2.43413983369896
317	267	5	1	2.6727212686698176
317	370	5	1	2.3832341576102007
318	315	5	1	2.8588949840803872
318	263	5	1	2.308835567986597
318	264	5	1	2.563460161578487
318	316	5	1	2.558104161288201
319	368	5	1	2.47725616358099
319	266	5	1	2.341455017718684
319	320	5	1	2.082865377310783
319	371	5	1	2.2913022170809363
320	266	5	1	2.68966411657664
320	319	5	1	2.082865377310783
320	323	5	1	2.361007888593341
320	374	5	1	2.3933391422863606
321	269	5	1	2.462695129324779
321	322	5	1	2.0944491447633675
321	273	5	1	1.971710772400456
321	325	5	1	2.6475905461381335
322	269	5	1	2.6693304403913727
322	321	5	1	2.0944491447633675
322	323	5	1	2.1183501174262958
322	324	5	1	2.487106672420788
323	320	5	1	2.361007888593341
323	322	5	1	2.1183501174262958
323	374	5	1	2.4371763990322908
323	324	5	1	2.511927964731477
324	322	5	1	2.487106672420788
324	323	5	1	2.511927964731477
324	327	5	1	2.4805683078681766
324	376	5	1	2.480061912533632
325	321	5	1	2.6475905461381335
325	273	5	1	2.375398545507677
325	326	5	1	2.2517616792191846
325	276	5	1	2.578596183972977
326	325	5	1	2.2517616792191846
326	327	5	1	2.348134325374083
326	276	5	1	2.384926770364242
326	328	5	1	2.316003959409397
327	326	5	1	2.348134325374083
327	324	5	1	2.4805683078681766
327	376	5	1	2.299907063339732
327	328	5	1	2.511229716692602
328	326	5	1	2.316003959409397
328	327	5	1	2.511229716692602
328	330	5	1	2.5156036651269247
328	379	5	1	2.3016450660342898
329	277	5	1	2.3923644580205576
329	330	5	1	2.355598968415465
329	281	5	1	2.2550571810931954
329	331	5	1	2.4578983298745296
330	328	5	1	2.5156036651269247
330	379	5	1	2.3237060592940737
330	329	5	1	2.355598968415465
330	331	5	1	2.4265477411334766
331	330	5	1	2.4265477411334766
331	329	5	1	2.4578983298745296
331	333	5	1	2.411858455631262
331	332	5	1	2.5778951607852467
332	331	5	1	2.5778951607852467
332	333	5	1	2.2461421526697714
332	334	5	1	2.284357312243426
332	335	5	1	2.284085519414722
333	331	5	1	2.411858455631262
333	384	5	1	2.3953838210190836
333	332	5	1	2.2461421526697714
333	385	5	1	2.3822626765325396
334	282	5	1	2.53873256764079
334	285	5	1	2.5306379946566837
334	332	5	1	2.284357312243426
334	335	5	1	2.821415058086989
335	332	5	1	2.284085519414722
335	334	5	1	2.821415058086989
335	387	5	1	2.4646414769698257
335	336	5	1	2.474273986445315
336	335	5	1	2.474273986445315
336	387	5	1	2.7862733480403543
336	338	5	1	2.6862187699441
336	337	5	1	2.5530930731173926
337	336	5	1	2.5530930731173926
337	338	5	1	2.4660566092448093
337	389	5	1	2.5355982509064794
337	388	5	1	2.658499059619921
338	336	5	1	2.6862187699441
338	339	5	1	2.7363675374481398
338	340	5	1	2.62315752100403
338	337	5	1	2.4660566092448093
339	284	5	1	2.5907437426345354
339	287	5	1	2.4317106571300773
339	338	5	1	2.7363675374481398
339	340	5	1	2.2363665978546563
340	339	5	1	2.2363665978546563
340	338	5	1	2.62315752100403
340	343	5	1	2.5357204341172928
340	390	5	1	2.4420506485329097
341	288	5	1	2.7534230786422946
341	343	5	1	2.6506099901720757
341	291	5	1	2.6242805509320055
341	342	5	1	2.6766846657759276
342	341	5	1	2.6766846657759276
342	291	5	1	2.3610647110996346
342	346	5	1	2.585557411855328
342	347	5	1	2.7089758452226933
343	288	5	1	2.247801150013053
343	340	5	1	2.5357204341172928
343	341	5	1	2.6506099901720757
343	390	5	1	2.5582813078314923
344	347	5	1	2.6437039943987664
344	294	5	1	2.448253093534247
344	348	5	1	2.1455335583485984
344	345	5	1	2.230243654850294
345	294	5	1	2.6132875253213133
345	344	5	1	2.230243654850294
345	297	5	1	2.2970005877230473
345	351	5	1	2.4973967346018537
346	342	5	1	2.585557411855328
346	347	5	1	2.077194227798641
346	395	5	1	2.505069797430802
346	396	5	1	2.402751133596647
347	342	5	1	2.7089758452226933
347	346	5	1	2.077194227798641
347	344	5	1	2.6437039943987664
347	348	5	1	2.512853780067591
348	347	5	1	2.512853780067591
348	344	5	1	2.1455335583485984
348	350	5	1	2.1374234255289717
348	349	5	1	2.561563682597028
349	348	5	1	2.561563682597028
349	350	5	1	2.5902903698234336
349	351	5	1	1.970362184980207
349	352	5	1	2.686199772913398
350	396	5	1	2.2849149502771517
350	348	5	1	2.1374234255289717
350	399	5	1	2.377989245139682
350	349	5	1	2.5902903698234336
351	297	5	1	2.4552825356769032
351	345	5	1	2.4973967346018537
351	349	5	1	1.970362184980207
351	352	5	1	2.6876742734193124
352	351	5	1	2.6876742734193124
352	349	5	1	2.686199772913398
352	403	5	1	2.3536685620537092
352	302	5	1	2.800338188505097
353	460	5	1	2.482139178208997
353	301	5	1	2.1695342966784374
353	354	5	1	2.081419941410194
353	405	5	1	2.25887388315506
354	301	5	1	2.8421696981292293
354	353	5	1	2.081419941410194
354	408	5	1	2.4783015575187837
354	357	5	1	2.5415054558469867
355	305	5	1	2.3743371404246703
355	356	5	1	2.2241832940654853
355	309	5	1	2.53880099702596
355	359	5	1	2.3013353151811655
356	305	5	1	2.5631978674304485
356	357	5	1	2.30309443670901
356	358	5	1	2.337015041971274
356	355	5	1	2.2241832940654853
357	354	5	1	2.5415054558469867
357	408	5	1	2.3602671442233016
357	356	5	1	2.30309443670901
357	358	5	1	2.6281457056259265
358	356	5	1	2.337015041971274
358	357	5	1	2.6281457056259265
358	361	5	1	2.2740635435273124
358	410	5	1	2.502986406455299
359	309	5	1	2.448082864692286
359	355	5	1	2.3013353151811655
359	361	5	1	2.3091489802305962
359	360	5	1	2.076531959518082
360	359	5	1	2.076531959518082
360	361	5	1	2.8163950031201233
360	311	5	1	2.4866621805142737
360	362	5	1	2.464058769591342
361	358	5	1	2.2740635435273124
361	359	5	1	2.3091489802305962
361	410	5	1	2.6847201528092297
361	360	5	1	2.8163950031201233
362	311	5	1	2.4554604171112184
362	360	5	1	2.464058769591342
362	364	5	1	2.3483141122941795
362	363	5	1	2.5584388091177783
363	362	5	1	2.5584388091177783
363	364	5	1	2.5399008976729767
363	413	5	1	2.0728035362764134
363	414	5	1	2.7617863784152443
364	362	5	1	2.3483141122941795
364	314	5	1	2.682248692794909
364	365	5	1	2.2609754532059827
364	363	5	1	2.5399008976729767
365	314	5	1	2.507584305661525
365	364	5	1	2.2609754532059827
365	366	5	1	2.5630849868859222
365	367	5	1	2.244527881314913
366	365	5	1	2.5630849868859222
366	367	5	1	2.6539151644316012
366	317	5	1	2.824155925227925
366	370	5	1	2.15260335408082
367	365	5	1	2.244527881314913
367	413	5	1	2.560166107892216
367	366	5	1	2.6539151644316012
367	417	5	1	2.4562189825013587
368	370	5	1	2.3278868099630614
368	369	5	1	2.1340555428573067
368	319	5	1	2.47725616358099
368	371	5	1	2.2537814201914093
369	419	5	1	2.335444465192871
369	368	5	1	2.1340555428573067
369	370	5	1	2.6150365695339683
369	420	5	1	2.349132744227114
370	366	5	1	2.15260335408082
370	317	5	1	2.3832341576102007
370	368	5	1	2.3278868099630614
370	369	5	1	2.6150365695339683
371	368	5	1	2.2537814201914093
371	319	5	1	2.2913022170809363
371	372	5	1	2.2384681056472515
371	373	5	1	2.2485891621192113
372	371	5	1	2.2384681056472515
372	373	5	1	2.5441065543722776
372	374	5	1	2.116124429233783
372	375	5	1	2.404587357531433
373	420	5	1	2.1511034935585958
373	423	5	1	2.213881317957221
373	371	5	1	2.2485891621192113
373	372	5	1	2.5441065543722776
374	320	5	1	2.3933391422863606
374	372	5	1	2.116124429233783
374	323	5	1	2.4371763990322908
374	375	5	1	2.5595334106043612
375	372	5	1	2.404587357531433
375	374	5	1	2.5595334106043612
375	428	5	1	2.5695488261560593
375	429	5	1	2.365685799086599
376	324	5	1	2.480061912533632
376	327	5	1	2.299907063339732
376	377	5	1	2.448275331738656
376	378	5	1	2.459696647962916
377	376	5	1	2.448275331738656
377	378	5	1	2.2150107223216753
377	381	5	1	2.3705119215055657
377	380	5	1	2.578193167704854
378	429	5	1	2.526240544762119
378	376	5	1	2.459696647962916
378	377	5	1	2.2150107223216753
378	430	5	1	2.299666682369424
379	328	5	1	2.3016450660342898
379	330	5	1	2.3237060592940737
379	381	5	1	2.3927672285452277
379	382	5	1	2.4380359820970656
380	377	5	1	2.578193167704854
380	381	5	1	2.2087390656209283
380	433	5	1	2.3369390770835206
380	434	5	1	2.264292465650141
381	377	5	1	2.3705119215055657
381	379	5	1	2.3927672285452277
381	380	5	1	2.2087390656209283
381	382	5	1	2.24552070576069
382	379	5	1	2.4380359820970656
382	381	5	1	2.24552070576069
382	383	5	1	2.2243427725959903
382	384	5	1	2.325210308767788
383	434	5	1	2.2235066449192344
383	382	5	1	2.2243427725959903
383	384	5	1	2.5454184272924594
383	436	5	1	2.3636243039027973
384	333	5	1	2.3953838210190836
384	382	5	1	2.325210308767788
384	383	5	1	2.5454184272924594
384	385	5	1	2.3851247116241137
385	333	5	1	2.3822626765325396
385	384	5	1	2.3851247116241137
385	387	5	1	2.192872878212505
385	386	5	1	2.151689022605268
386	387	5	1	2.973415250179498
386	385	5	1	2.151689022605268
386	438	5	1	2.8928960783270394
386	439	5	1	2.2499957622182283
387	335	5	1	2.4646414769698257
387	385	5	1	2.192872878212505
387	386	5	1	2.973415250179498
387	336	5	1	2.7862733480403543
388	443	5	1	2.438500166085705
388	337	5	1	2.658499059619921
388	389	5	1	2.1836282146922326
388	446	5	1	2.578489356192883
389	337	5	1	2.5355982509064794
389	388	5	1	2.1836282146922326
389	391	5	1	2.4414036229185894
389	393	5	1	2.578714146624245
390	340	5	1	2.4420506485329097
390	343	5	1	2.5582813078314923
390	391	5	1	2.4863350880362027
390	392	5	1	2.585377341898081
391	389	5	1	2.4414036229185894
391	390	5	1	2.4863350880362027
391	392	5	1	2.1902624340475736
391	393	5	1	2.3492665791689142
392	390	5	1	2.585377341898081
392	391	5	1	2.1902624340475736
392	395	5	1	2.4988285755529485
392	394	5	1	2.3620560704606475
393	389	5	1	2.578714146624245
393	391	5	1	2.3492665791689142
393	397	5	1	2.2832710439192256
393	448	5	1	2.6030164425143334
394	392	5	1	2.3620560704606475
394	397	5	1	2.226041969505516
394	395	5	1	2.372243505629218
394	398	5	1	2.518158791657106
395	392	5	1	2.4988285755529485
395	346	5	1	2.505069797430802
395	396	5	1	2.3526575313887026
395	394	5	1	2.372243505629218
396	346	5	1	2.402751133596647
396	395	5	1	2.3526575313887026
396	350	5	1	2.2849149502771517
396	399	5	1	2.533202419863055
397	393	5	1	2.2832710439192256
397	448	5	1	2.4223401288836395
397	394	5	1	2.226041969505516
397	398	5	1	2.4988985113445445
398	397	5	1	2.4988985113445445
398	394	5	1	2.518158791657106
398	452	5	1	2.3690520340423107
398	453	5	1	2.627966228854549
399	396	5	1	2.533202419863055
399	350	5	1	2.377989245139682
399	400	5	1	2.560166699650629
399	452	5	1	2.334638535191266
400	399	5	1	2.560166699650629
400	452	5	1	2.3035817545726553
400	402	5	1	2.4490733757893004
400	401	5	1	2.3375867577482565
401	400	5	1	2.3375867577482565
401	455	5	1	2.201534905469367
401	402	5	1	2.5744840822968786
401	456	5	1	2.624539588194468
402	400	5	1	2.4490733757893004
402	403	5	1	2.7209696984714777
402	401	5	1	2.5744840822968786
402	404	5	1	2.061990157590475
403	352	5	1	2.3536685620537092
403	402	5	1	2.7209696984714777
403	404	5	1	2.395382693850817
403	302	5	1	2.4581862846415947
404	402	5	1	2.061990157590475
404	403	5	1	2.395382693850817
404	459	5	1	2.539759250401504
404	460	5	1	2.3599986779657245
405	460	5	1	2.2447203300188656
405	407	5	1	2.175855907344049
405	353	5	1	2.25887388315506
405	406	5	1	2.297827937509688
406	407	5	1	2.502463963105964
406	405	5	1	2.297827937509688
406	408	5	1	2.049351313684403
406	409	5	1	2.261965100106541
407	461	5	1	2.1803255579302823
407	516	5	1	2.2714651991734294
407	405	5	1	2.175855907344049
407	406	5	1	2.502463963105964
408	354	5	1	2.4783015575187837
408	406	5	1	2.049351313684403
408	357	5	1	2.3602671442233016
408	409	5	1	2.7769883050527895
409	408	5	1	2.7769883050527895
409	406	5	1	2.261965100106541
409	467	5	1	2.4703337956843052
409	465	5	1	2.3184768534535776
410	358	5	1	2.502986406455299
410	361	5	1	2.6847201528092297
410	411	5	1	2.499598798627491
410	412	5	1	2.685901956512928
411	410	5	1	2.499598798627491
411	412	5	1	2.358934803274561
411	415	5	1	2.6860603120555577
411	471	5	1	2.3649562384957585
412	465	5	1	2.6904603491596
412	410	5	1	2.685901956512928
412	411	5	1	2.358934803274561
412	466	5	1	2.373367450775374
413	363	5	1	2.0728035362764134
413	414	5	1	2.690587761066344
413	367	5	1	2.560166107892216
413	417	5	1	2.483937303959182
414	415	5	1	2.7876383714535167
414	416	5	1	2.657045163334644
414	363	5	1	2.7617863784152443
414	413	5	1	2.690587761066344
415	411	5	1	2.6860603120555577
415	416	5	1	2.054926891643595
415	471	5	1	2.4873257949050434
415	414	5	1	2.7876383714535167
416	415	5	1	2.054926891643595
416	531	5	1	2.6357881022570804
416	414	5	1	2.657045163334644
416	473	5	1	2.4716634338032315
417	413	5	1	2.483937303959182
417	367	5	1	2.4562189825013587
417	419	5	1	2.385626500523499
417	418	5	1	2.5278815419239815
418	417	5	1	2.5278815419239815
418	419	5	1	2.23505141104181
418	421	5	1	2.417780116139599
418	422	5	1	2.492002829051368
419	417	5	1	2.385626500523499
419	418	5	1	2.23505141104181
419	369	5	1	2.335444465192871
419	420	5	1	2.544871096932023
420	419	5	1	2.544871096932023
420	369	5	1	2.349132744227114
420	423	5	1	2.684019286443371
420	373	5	1	2.1511034935585958
421	418	5	1	2.417780116139599
421	422	5	1	2.174511450878105
421	477	5	1	2.253387248122256
421	478	5	1	2.6607836533622926
422	473	5	1	2.490254495026564
422	474	5	1	2.2286021627917334
422	418	5	1	2.492002829051368
422	421	5	1	2.174511450878105
423	420	5	1	2.684019286443371
423	424	5	1	2.2613045438418973
423	373	5	1	2.213881317957221
423	425	5	1	2.653051201918277
424	423	5	1	2.2613045438418973
424	478	5	1	2.199575163525902
424	480	5	1	2.4394062412808593
424	425	5	1	2.05930769920379
425	423	5	1	2.653051201918277
425	424	5	1	2.05930769920379
425	426	5	1	2.4082466360404187
425	483	5	1	2.2986740003749997
426	425	5	1	2.4082466360404187
426	483	5	1	2.4975031571551636
426	428	5	1	2.420689438982213
426	427	5	1	2.495021446801609
427	426	5	1	2.495021446801609
427	428	5	1	2.2912458314201065
427	432	5	1	2.1892039192364017
427	486	5	1	2.6830880660164715
428	426	5	1	2.420689438982213
428	375	5	1	2.5695488261560593
428	429	5	1	2.2139355659097197
428	427	5	1	2.2912458314201065
429	375	5	1	2.365685799086599
429	428	5	1	2.2139355659097197
429	378	5	1	2.526240544762119
429	430	5	1	2.22953822124672
430	429	5	1	2.22953822124672
430	378	5	1	2.299666682369424
430	431	5	1	2.5670485484306718
430	432	5	1	2.252072789676212
431	430	5	1	2.5670485484306718
431	432	5	1	2.2546351057321865
431	433	5	1	2.186989913099741
431	435	5	1	2.282162213778854
432	427	5	1	2.1892039192364017
432	430	5	1	2.252072789676212
432	431	5	1	2.2546351057321865
432	486	5	1	2.17349277661556
433	431	5	1	2.186989913099741
433	380	5	1	2.3369390770835206
433	434	5	1	2.5207073491383323
433	435	5	1	2.593992785263676
434	380	5	1	2.264292465650141
434	433	5	1	2.5207073491383323
434	383	5	1	2.2235066449192344
434	436	5	1	2.536177290727132
435	431	5	1	2.282162213778854
435	488	5	1	2.2013250555063424
435	433	5	1	2.593992785263676
435	489	5	1	2.2729857412663166
436	434	5	1	2.536177290727132
436	383	5	1	2.3636243039027973
436	437	5	1	2.3021302417543628
436	438	5	1	2.1902638105945136
437	436	5	1	2.3021302417543628
437	491	5	1	2.866225060946889
437	492	5	1	2.54504535323047
437	438	5	1	2.9440886077018846
438	436	5	1	2.1902638105945136
438	437	5	1	2.9440886077018846
438	386	5	1	2.8928960783270394
438	439	5	1	2.3069716881661093
439	386	5	1	2.2499957622182283
439	438	5	1	2.3069716881661093
439	441	5	1	2.2987840546689013
439	440	5	1	2.441774489996977
440	439	5	1	2.441774489996977
440	441	5	1	2.454246452579689
440	442	5	1	2.005936222814678
440	443	5	1	2.7840039726983155
441	439	5	1	2.2987840546689013
441	496	5	1	2.7654992117156736
441	440	5	1	2.454246452579689
441	497	5	1	2.0071902874416314
442	440	5	1	2.005936222814678
442	443	5	1	1.9466138728571718
442	444	5	1	2.2719933318564105
442	445	5	1	2.4959220440550554
443	440	5	1	2.7840039726983155
443	442	5	1	1.9466138728571718
443	388	5	1	2.438500166085705
443	446	5	1	2.369359411317749
444	442	5	1	2.2719933318564105
444	497	5	1	2.2504808575057855
444	500	5	1	2.282966955520817
444	445	5	1	2.2236915815823046
445	442	5	1	2.4959220440550554
445	444	5	1	2.2236915815823046
445	505	5	1	1.9493930952991523
445	504	5	1	2.0487019988275565
446	443	5	1	2.369359411317749
446	388	5	1	2.578489356192883
446	505	5	1	2.3478145625240505
446	447	5	1	2.6407860212444363
447	446	5	1	2.6407860212444363
447	505	5	1	2.348053536442471
447	448	5	1	2.116519784929965
447	449	5	1	2.6033944937331324
448	393	5	1	2.6030164425143334
448	397	5	1	2.4223401288836395
448	447	5	1	2.116519784929965
448	449	5	1	2.6163861660695282
449	448	5	1	2.6163861660695282
449	447	5	1	2.6033944937331324
449	450	5	1	2.6563799615265853
449	451	5	1	2.6179514930571193
450	449	5	1	2.6563799615265853
450	451	5	1	2.117199064802355
450	454	5	1	2.4731009279849454
450	512	5	1	2.527588926229903
451	449	5	1	2.6179514930571193
451	450	5	1	2.117199064802355
451	510	5	1	2.294946557111948
451	557	5	1	2.6827879714953258
452	398	5	1	2.3690520340423107
452	399	5	1	2.334638535191266
452	400	5	1	2.3035817545726553
452	453	5	1	2.1762643405615956
453	398	5	1	2.627966228854549
453	452	5	1	2.1762643405615956
453	454	5	1	2.429040226097541
453	455	5	1	2.3921539352642105
454	450	5	1	2.4731009279849454
454	453	5	1	2.429040226097541
454	455	5	1	2.4104561082915477
454	512	5	1	2.3074703941762764
455	453	5	1	2.3921539352642105
455	454	5	1	2.4104561082915477
455	401	5	1	2.201534905469367
455	456	5	1	2.576900069851364
456	455	5	1	2.576900069851364
456	401	5	1	2.624539588194468
456	457	5	1	2.0762821219670506
456	458	5	1	2.821363480659662
457	456	5	1	2.0762821219670506
457	458	5	1	2.303418872024797
457	459	5	1	2.506543318995301
457	461	5	1	2.3194179807874327
458	456	5	1	2.821363480659662
458	457	5	1	2.303418872024797
458	559	5	1	2.222352242557425
458	518	5	1	2.696709735956021
459	404	5	1	2.539759250401504
459	457	5	1	2.506543318995301
459	460	5	1	2.1502435792253913
459	461	5	1	2.252414131459846
460	404	5	1	2.3599986779657245
460	459	5	1	2.1502435792253913
460	353	5	1	2.482139178208997
460	405	5	1	2.2447203300188656
461	457	5	1	2.3194179807874327
461	459	5	1	2.252414131459846
461	407	5	1	2.1803255579302823
461	516	5	1	2.5033462070348973
462	467	5	1	2.7713932741493044
462	468	5	1	2.031482182767059
462	463	5	1	2.2524353472630425
462	464	5	1	2.5179526877207308
463	462	5	1	2.2524353472630425
463	464	5	1	2.767063172390553
463	523	5	1	2.712145739520647
463	524	5	1	2.3720160383943445
464	517	5	1	2.382916383342053
464	563	5	1	2.741764696322416
464	462	5	1	2.5179526877207308
464	463	5	1	2.767063172390553
465	467	5	1	2.725632673362281
465	409	5	1	2.3184768534535776
465	412	5	1	2.6904603491596
465	466	5	1	2.4798570369277337
466	465	5	1	2.4798570369277337
466	412	5	1	2.373367450775374
466	469	5	1	2.342604961597239
466	470	5	1	2.514671334170736
467	468	5	1	2.5760788083635937
467	462	5	1	2.7713932741493044
467	409	5	1	2.4703337956843052
467	465	5	1	2.725632673362281
468	516	5	1	2.32165550294095
468	519	5	1	2.5709151087501896
468	467	5	1	2.5760788083635937
468	462	5	1	2.031482182767059
469	466	5	1	2.342604961597239
469	470	5	1	2.6285723900246705
469	471	5	1	2.379195008821258
469	472	5	1	2.731680775639789
470	523	5	1	2.7490423493282177
470	466	5	1	2.514671334170736
470	469	5	1	2.6285723900246705
470	527	5	1	2.3464109321259103
471	411	5	1	2.3649562384957585
471	469	5	1	2.379195008821258
471	415	5	1	2.4873257949050434
471	472	5	1	2.4134167584567727
472	469	5	1	2.731680775639789
472	471	5	1	2.4134167584567727
472	531	5	1	2.107093317819599
472	530	5	1	2.8052802925910982
473	416	5	1	2.4716634338032315
473	531	5	1	2.2547132079268972
473	474	5	1	2.35145586605405
473	422	5	1	2.490254495026564
474	473	5	1	2.35145586605405
474	476	5	1	2.620866165984066
474	422	5	1	2.2286021627917334
474	475	5	1	2.21750283427102
475	474	5	1	2.21750283427102
475	476	5	1	2.088703569202679
475	477	5	1	2.157486431011794
475	479	5	1	2.3983693397806785
476	474	5	1	2.620866165984066
476	533	5	1	1.9771359083280027
476	475	5	1	2.088703569202679
476	534	5	1	2.2704972781309367
477	421	5	1	2.253387248122256
477	475	5	1	2.157486431011794
477	479	5	1	2.4940657509376183
477	478	5	1	1.8293479986049639
478	421	5	1	2.6607836533622926
478	477	5	1	1.8293479986049639
478	424	5	1	2.199575163525902
478	480	5	1	2.4184446758195675
479	477	5	1	2.4940657509376183
479	475	5	1	2.3983693397806785
479	535	5	1	2.080995148961188
479	536	5	1	2.046014616272326
480	424	5	1	2.4394062412808593
480	478	5	1	2.4184446758195675
480	536	5	1	2.196495538351941
480	482	5	1	2.069759454622687
481	483	5	1	2.4140690980168733
481	482	5	1	2.5154455986961834
481	484	5	1	2.280970078716506
481	485	5	1	2.585125840263873
482	480	5	1	2.069759454622687
482	536	5	1	2.7599863133718605
482	483	5	1	2.3426382926094234
482	481	5	1	2.5154455986961834
483	425	5	1	2.2986740003749997
483	426	5	1	2.4975031571551636
483	481	5	1	2.4140690980168733
483	482	5	1	2.3426382926094234
484	481	5	1	2.280970078716506
484	539	5	1	2.809649978200136
484	485	5	1	2.5089914886264566
484	538	5	1	1.8780350422715792
485	481	5	1	2.585125840263873
485	484	5	1	2.5089914886264566
485	540	5	1	2.2496817752740075
485	487	5	1	2.764395948484945
486	427	5	1	2.6830880660164715
486	432	5	1	2.17349277661556
486	487	5	1	2.0519863571671197
486	488	5	1	2.365316000030441
487	485	5	1	2.764395948484945
487	540	5	1	2.161101776872163
487	486	5	1	2.0519863571671197
487	488	5	1	2.7750641163764165
488	486	5	1	2.365316000030441
488	487	5	1	2.7750641163764165
488	435	5	1	2.2013250555063424
488	489	5	1	2.830298221036077
489	488	5	1	2.830298221036077
489	435	5	1	2.2729857412663166
489	490	5	1	2.438205163639849
489	491	5	1	2.718484542902537
490	489	5	1	2.438205163639849
490	546	5	1	2.717759174393488
490	491	5	1	2.4955754065946403
490	495	5	1	2.3024424270760813
491	489	5	1	2.718484542902537
491	490	5	1	2.4955754065946403
491	437	5	1	2.866225060946889
491	492	5	1	2.228399975318611
492	437	5	1	2.54504535323047
492	491	5	1	2.228399975318611
492	493	5	1	2.4425179876512693
492	498	5	1	2.4914202576040867
493	492	5	1	2.4425179876512693
493	494	5	1	2.553682542917189
493	495	5	1	2.297397999912073
493	498	5	1	2.4370510253172792
494	493	5	1	2.553682542917189
494	495	5	1	2.544966345553511
494	549	5	1	2.389516689625743
494	548	5	1	2.6656741830163733
495	490	5	1	2.3024424270760813
495	546	5	1	2.5034449384797743
495	493	5	1	2.297397999912073
495	494	5	1	2.544966345553511
496	441	5	1	2.7654992117156736
496	498	5	1	2.2932779181773832
496	499	5	1	2.3371414377397017
496	497	5	1	1.9812023521084383
497	441	5	1	2.0071902874416314
497	496	5	1	1.9812023521084383
497	444	5	1	2.2504808575057855
497	500	5	1	2.4311744178482897
498	492	5	1	2.4914202576040867
498	493	5	1	2.4370510253172792
498	496	5	1	2.2932779181773832
498	499	5	1	2.6142469604075265
499	496	5	1	2.3371414377397017
499	498	5	1	2.6142469604075265
499	550	5	1	2.3087315391790386
499	501	5	1	2.6538674062582706
500	444	5	1	2.282966955520817
500	497	5	1	2.4311744178482897
500	550	5	1	2.006632724242279
500	507	5	1	2.0058331760143977
501	499	5	1	2.6538674062582706
501	550	5	1	2.3103550830987025
501	502	5	1	2.3979367985833178
501	503	5	1	2.3068025511517027
502	548	5	1	2.702664464930856
502	551	5	1	2.588814933516876
502	501	5	1	2.3979367985833178
502	503	5	1	2.779262797937614
503	501	5	1	2.3068025511517027
503	502	5	1	2.779262797937614
503	552	5	1	2.4315845553877002
503	553	5	1	2.8263720632641385
504	505	5	1	2.746001056081376
504	445	5	1	2.0487019988275565
504	506	5	1	2.4099401922039427
504	507	5	1	2.425443002834738
505	446	5	1	2.3478145625240505
505	445	5	1	1.9493930952991523
505	504	5	1	2.746001056081376
505	447	5	1	2.348053536442471
506	504	5	1	2.4099401922039427
506	507	5	1	2.3137280847152333
506	554	5	1	2.3052898125832275
506	555	5	1	2.4842613228080466
507	500	5	1	2.0058331760143977
507	550	5	1	2.77165377347171
507	504	5	1	2.425443002834738
507	506	5	1	2.3137280847152333
508	510	5	1	2.591597570997473
508	509	5	1	2.1702257693613354
508	514	5	1	2.3982910999292826
508	560	5	1	2.388177937256773
509	510	5	1	2.3929395562780056
509	512	5	1	2.014212620355653
509	508	5	1	2.1702257693613354
509	511	5	1	2.2495016559229377
510	451	5	1	2.294946557111948
510	557	5	1	2.1813688363043937
510	508	5	1	2.591597570997473
510	509	5	1	2.3929395562780056
511	512	5	1	2.828494203635566
511	509	5	1	2.2495016559229377
511	513	5	1	2.4023879474389567
511	559	5	1	2.4949648013549206
512	450	5	1	2.527588926229903
512	454	5	1	2.3074703941762764
512	509	5	1	2.014212620355653
512	511	5	1	2.828494203635566
513	511	5	1	2.4023879474389567
513	514	5	1	2.1052840568436393
513	559	5	1	2.504009051501211
513	515	5	1	2.790780399816517
514	508	5	1	2.3982910999292826
514	560	5	1	2.3898987635462707
514	513	5	1	2.1052840568436393
514	515	5	1	2.2579874313202017
515	514	5	1	2.2579874313202017
515	562	5	1	2.2950206317155355
515	513	5	1	2.790780399816517
515	561	5	1	2.5293289623929938
516	407	5	1	2.2714651991734294
516	461	5	1	2.5033462070348973
516	519	5	1	2.3202840204802495
516	468	5	1	2.32165550294095
517	519	5	1	2.149623697045602
517	518	5	1	2.8808942674107327
517	563	5	1	2.6416923704322577
517	464	5	1	2.382916383342053
518	458	5	1	2.696709735956021
518	559	5	1	2.584160817364114
518	519	5	1	2.3715266848382814
518	517	5	1	2.8808942674107327
519	516	5	1	2.3202840204802495
519	517	5	1	2.149623697045602
519	518	5	1	2.3715266848382814
519	468	5	1	2.5709151087501896
520	563	5	1	2.563270356400198
520	564	5	1	2.5343101388740847
520	521	5	1	2.6901277618172834
520	522	5	1	2.6976413209387244
521	520	5	1	2.6901277618172834
521	522	5	1	2.0989688312349957
521	525	5	1	2.544324403923368
521	526	5	1	2.3319381488581543
522	520	5	1	2.6976413209387244
522	566	5	1	2.2878091982934214
522	521	5	1	2.0989688312349957
522	78	5	1	2.631082086495208
523	463	5	1	2.712145739520647
523	524	5	1	2.3775206471448325
523	470	5	1	2.7490423493282177
523	527	5	1	2.3761267053757886
524	463	5	1	2.3720160383943445
524	523	5	1	2.3775206471448325
524	525	5	1	2.6619882156200485
524	568	5	1	2.134933451328168
525	521	5	1	2.544324403923368
525	524	5	1	2.6619882156200485
525	568	5	1	2.4377194142271583
525	526	5	1	2.544110522147181
526	521	5	1	2.3319381488581543
526	77	5	1	2.5094020049406214
526	525	5	1	2.544110522147181
526	569	5	1	2.6348517523572346
527	523	5	1	2.3761267053757886
527	470	5	1	2.3464109321259103
527	528	5	1	2.1505887414612777
527	529	5	1	2.7643965418152296
528	568	5	1	2.4506821647247534
528	527	5	1	2.1505887414612777
528	529	5	1	2.3000304102554803
528	570	5	1	2.216245039001778
529	527	5	1	2.7643965418152296
529	528	5	1	2.3000304102554803
529	574	5	1	2.8070160615856845
529	573	5	1	2.203685406313705
530	472	5	1	2.8052802925910982
530	531	5	1	2.6048639369456534
530	533	5	1	2.6432547153083785
530	532	5	1	2.697157587164679
531	416	5	1	2.6357881022570804
531	472	5	1	2.107093317819599
531	530	5	1	2.6048639369456534
531	473	5	1	2.2547132079268972
532	530	5	1	2.697157587164679
532	574	5	1	2.161211616200507
532	533	5	1	2.0536337794261175
532	576	5	1	2.72524544215746
533	530	5	1	2.6432547153083785
533	476	5	1	1.9771359083280027
533	532	5	1	2.0536337794261175
533	534	5	1	2.8151977497149328
534	476	5	1	2.2704972781309367
534	533	5	1	2.8151977497149328
534	535	5	1	2.3822990765225063
534	537	5	1	2.663598312433765
535	479	5	1	2.080995148961188
535	534	5	1	2.3822990765225063
535	537	5	1	2.428827289043006
535	536	5	1	2.8037298371990156
536	479	5	1	2.046014616272326
536	535	5	1	2.8037298371990156
536	480	5	1	2.196495538351941
536	482	5	1	2.7599863133718605
537	534	5	1	2.663598312433765
537	535	5	1	2.428827289043006
537	579	5	1	2.4784421720104755
537	580	5	1	2.499469531720679
538	484	5	1	1.8780350422715792
538	539	5	1	2.4507406268309997
538	542	5	1	2.574541900999088
538	541	5	1	2.421685735185304
539	582	5	1	2.818771996809956
539	484	5	1	2.809649978200136
539	583	5	1	2.3168194254192525
539	538	5	1	2.4507406268309997
540	485	5	1	2.2496817752740075
540	542	5	1	2.0322290618923793
540	487	5	1	2.161101776872163
540	543	5	1	2.609169446394771
541	542	5	1	2.0665480879960225
541	538	5	1	2.421685735185304
541	586	5	1	2.3357115660971455
541	585	5	1	2.2093215248125397
542	540	5	1	2.0322290618923793
542	538	5	1	2.574541900999088
542	541	5	1	2.0665480879960225
542	543	5	1	2.45403338200604
543	540	5	1	2.609169446394771
543	542	5	1	2.45403338200604
543	545	5	1	2.021552801684882
543	544	5	1	2.741889744318685
544	543	5	1	2.741889744318685
544	545	5	1	2.4193754607336126
544	546	5	1	2.6066738844742408
544	547	5	1	2.395870050733143
545	543	5	1	2.021552801684882
545	585	5	1	2.3485391906459627
545	589	5	1	2.615484515343191
545	544	5	1	2.4193754607336126
546	490	5	1	2.717759174393488
546	544	5	1	2.6066738844742408
546	547	5	1	2.5579451831499473
546	495	5	1	2.5034449384797743
547	546	5	1	2.5579451831499473
547	544	5	1	2.395870050733143
547	592	5	1	2.527309430995734
547	593	5	1	2.4636963611614147
548	494	5	1	2.6656741830163733
548	549	5	1	2.482589631815943
548	551	5	1	2.2940663830848425
548	502	5	1	2.702664464930856
549	494	5	1	2.389516689625743
549	593	5	1	2.6556812478157057
549	595	5	1	2.217702108038865
549	548	5	1	2.482589631815943
550	499	5	1	2.3087315391790386
550	500	5	1	2.006632724242279
550	501	5	1	2.3103550830987025
550	507	5	1	2.77165377347171
551	548	5	1	2.2940663830848425
551	597	5	1	2.3426943057087044
551	502	5	1	2.588814933516876
551	598	5	1	2.543174640090614
552	503	5	1	2.4315845553877002
552	553	5	1	2.0469904176619855
552	603	5	1	2.459588292783974
552	605	5	1	2.4374235454676287
553	503	5	1	2.8263720632641385
553	554	5	1	2.59465743596337
553	552	5	1	2.0469904176619855
553	556	5	1	2.6866898090401126
554	506	5	1	2.3052898125832275
554	553	5	1	2.59465743596337
554	555	5	1	2.3940636750095003
554	556	5	1	2.045989760482683
555	506	5	1	2.4842613228080466
555	554	5	1	2.3940636750095003
555	558	5	1	2.2946948380993932
555	557	5	1	2.536924967357137
556	554	5	1	2.045989760482683
556	553	5	1	2.6866898090401126
556	608	5	1	2.5063584141139876
556	610	5	1	2.5310289330626
557	555	5	1	2.536924967357137
557	558	5	1	2.422647793221295
557	451	5	1	2.6827879714953258
557	510	5	1	2.1813688363043937
558	555	5	1	2.2946948380993932
558	608	5	1	2.108265941478922
558	557	5	1	2.422647793221295
558	609	5	1	2.6229434953883395
559	511	5	1	2.4949648013549206
559	458	5	1	2.222352242557425
559	513	5	1	2.504009051501211
559	518	5	1	2.584160817364114
560	609	5	1	2.180939398516147
560	508	5	1	2.388177937256773
560	514	5	1	2.3898987635462707
560	611	5	1	2.1370317779574544
561	562	5	1	2.8004529097987003
561	515	5	1	2.5293289623929938
561	565	5	1	2.3382407917064416
561	564	5	1	2.8564461031148447
562	611	5	1	2.463474477237389
562	613	5	1	2.801223298846417
562	515	5	1	2.2950206317155355
562	561	5	1	2.8004529097987003
563	517	5	1	2.6416923704322577
563	520	5	1	2.563270356400198
563	564	5	1	2.72726924230081
563	464	5	1	2.741764696322416
564	561	5	1	2.8564461031148447
564	565	5	1	2.4274174630664573
564	563	5	1	2.72726924230081
564	520	5	1	2.5343101388740847
565	561	5	1	2.3382407917064416
565	617	5	1	2.5415672822099338
565	564	5	1	2.4274174630664573
565	567	5	1	2.598847071299117
566	567	5	1	2.463823342368536
566	6	5	1	2.28647238347635
566	522	5	1	2.2878091982934214
566	78	5	1	2.424072110231046
567	565	5	1	2.598847071299117
567	617	5	1	2.202079846417916
567	566	5	1	2.463823342368536
567	6	5	1	2.460475370736313
568	524	5	1	2.134933451328168
568	525	5	1	2.4377194142271583
568	528	5	1	2.4506821647247534
568	570	5	1	2.475994935455239
569	77	5	1	2.2271856775985257
569	526	5	1	2.6348517523572346
569	622	5	1	2.323265463975222
569	621	5	1	2.51122134428648
570	568	5	1	2.475994935455239
570	528	5	1	2.216245039001778
570	571	5	1	2.207951852826506
570	572	5	1	2.546279537599913
571	570	5	1	2.207951852826506
571	572	5	1	2.159628181516442
571	573	5	1	2.260336950545205
571	575	5	1	2.409730648848539
572	570	5	1	2.546279537599913
572	571	5	1	2.159628181516442
572	620	5	1	2.1210665530341077
572	621	5	1	2.2814625988825634
573	529	5	1	2.203685406313705
573	571	5	1	2.260336950545205
573	574	5	1	1.960008020391752
573	575	5	1	2.4807739215817293
574	529	5	1	2.8070160615856845
574	573	5	1	1.960008020391752
574	532	5	1	2.161211616200507
574	576	5	1	2.5394413027278255
575	571	5	1	2.409730648848539
575	573	5	1	2.4807739215817293
575	623	5	1	1.9872276291356294
575	581	5	1	2.1893171766557713
576	574	5	1	2.5394413027278255
576	532	5	1	2.72524544215746
576	577	5	1	2.8466666208040574
576	581	5	1	2.2433809529368856
577	576	5	1	2.8466666208040574
577	581	5	1	2.553590305824332
577	579	5	1	2.6136051825017486
577	578	5	1	2.693400386129025
578	577	5	1	2.693400386129025
578	629	5	1	2.7483460935624553
578	579	5	1	2.5314076578062203
578	630	5	1	2.565402253058968
579	577	5	1	2.6136051825017486
579	537	5	1	2.4784421720104755
579	578	5	1	2.5314076578062203
579	580	5	1	2.6980316862483273
580	537	5	1	2.499469531720679
580	579	5	1	2.6980316862483273
580	582	5	1	2.897449350722115
580	584	5	1	2.3267193212762023
581	575	5	1	2.1893171766557713
581	623	5	1	2.829548630082188
581	576	5	1	2.2433809529368856
581	577	5	1	2.553590305824332
582	580	5	1	2.897449350722115
582	584	5	1	2.225175808784555
582	539	5	1	2.818771996809956
582	583	5	1	2.391356021172928
583	582	5	1	2.391356021172928
583	539	5	1	2.3168194254192525
583	587	5	1	2.66717667206355
583	633	5	1	2.344234572307132
584	580	5	1	2.3267193212762023
584	582	5	1	2.225175808784555
584	632	5	1	2.4272073768015843
584	631	5	1	2.5903807596567776
585	541	5	1	2.2093215248125397
585	586	5	1	2.41089302126826
585	545	5	1	2.3485391906459627
585	589	5	1	2.0792130290088173
586	587	5	1	2.2182984492624107
586	541	5	1	2.3357115660971455
586	588	5	1	2.034046521100246
586	585	5	1	2.41089302126826
587	583	5	1	2.66717667206355
587	633	5	1	2.300814336273139
587	586	5	1	2.2182984492624107
587	588	5	1	2.7486852275224236
588	587	5	1	2.7486852275224236
588	586	5	1	2.034046521100246
588	634	5	1	2.3434021784576395
588	591	5	1	2.3828456118683
589	545	5	1	2.615484515343191
589	585	5	1	2.0792130290088173
589	590	5	1	2.0220874610164565
589	591	5	1	2.2853807735254934
590	589	5	1	2.0220874610164565
590	591	5	1	2.825845519486158
590	592	5	1	2.693983097571325
590	594	5	1	2.011954895120667
591	588	5	1	2.3828456118683
591	634	5	1	2.7043917541658096
591	589	5	1	2.2853807735254934
591	590	5	1	2.825845519486158
592	590	5	1	2.693983097571325
592	547	5	1	2.527309430995734
592	594	5	1	2.619267632373603
592	593	5	1	2.6986098495336455
593	547	5	1	2.4636963611614147
593	592	5	1	2.6986098495336455
593	549	5	1	2.6556812478157057
593	595	5	1	2.6488876552243563
594	590	5	1	2.011954895120667
594	592	5	1	2.619267632373603
594	638	5	1	2.305193148089765
594	637	5	1	2.5956231814344704
595	549	5	1	2.217702108038865
595	593	5	1	2.6488876552243563
595	596	5	1	2.415240551166692
595	597	5	1	2.4319566649099666
596	595	5	1	2.415240551166692
596	599	5	1	2.5779228848047406
596	600	5	1	2.4861746439057706
596	597	5	1	2.588622896445139
597	595	5	1	2.4319566649099666
597	596	5	1	2.588622896445139
597	551	5	1	2.3426943057087044
597	598	5	1	2.63327467993751
598	551	5	1	2.543174640090614
598	597	5	1	2.63327467993751
598	601	5	1	2.5448938091794715
598	604	5	1	2.5963196490416967
599	638	5	1	2.63980004735207
599	44	5	1	2.3639268051274342
599	596	5	1	2.5779228848047406
599	600	5	1	2.176814048098731
600	596	5	1	2.4861746439057706
600	599	5	1	2.176814048098731
600	639	5	1	2.3048081438592702
600	640	5	1	2.4805643813455083
601	598	5	1	2.5448938091794715
601	604	5	1	2.2440119473835263
601	603	5	1	2.6205431288189107
601	602	5	1	2.470680580325994
602	601	5	1	2.470680580325994
602	603	5	1	2.0534128907747715
602	644	5	1	2.4785393440492336
602	645	5	1	2.426070176231513
603	601	5	1	2.6205431288189107
603	552	5	1	2.459588292783974
603	605	5	1	2.3026431703587913
603	602	5	1	2.0534128907747715
604	598	5	1	2.5963196490416967
604	601	5	1	2.2440119473835263
604	641	5	1	2.410116629957977
604	642	5	1	2.577232851334935
605	552	5	1	2.4374235454676287
605	603	5	1	2.3026431703587913
605	606	5	1	2.2924498794957335
605	607	5	1	2.6931398496921757
606	605	5	1	2.2924498794957335
606	645	5	1	2.023052807022099
606	607	5	1	1.9995561757550087
606	2	5	1	2.3593195311360446
607	605	5	1	2.6931398496921757
607	610	5	1	1.8205929391272544
607	606	5	1	1.9995561757550087
607	612	5	1	2.4386511886696742
608	558	5	1	2.108265941478922
608	556	5	1	2.5063584141139876
608	610	5	1	2.1379971375097715
608	609	5	1	2.5223752813568474
609	558	5	1	2.6229434953883395
609	608	5	1	2.5223752813568474
609	560	5	1	2.180939398516147
609	611	5	1	2.8058517708531903
610	608	5	1	2.1379971375097715
610	556	5	1	2.5310289330626
610	607	5	1	1.8205929391272544
610	612	5	1	2.6729880003471806
611	609	5	1	2.8058517708531903
611	560	5	1	2.1370317779574544
611	562	5	1	2.463474477237389
611	613	5	1	2.3072708055189337
612	610	5	1	2.6729880003471806
612	607	5	1	2.4386511886696742
612	646	5	1	2.5925201831422693
612	3	5	1	2.151493843821076
613	646	5	1	2.6036462163665752
613	562	5	1	2.801223298846417
613	611	5	1	2.3072708055189337
613	616	5	1	2.4120486582985845
614	616	5	1	2.4030014565122477
614	615	5	1	2.27989769945934
614	617	5	1	2.7423194653431664
614	619	5	1	2.1875445526891553
615	616	5	1	2.649975531962515
615	614	5	1	2.27989769945934
615	66	5	1	2.6627897044265465
615	647	5	1	2.3573987401370937
616	646	5	1	2.5020150539115407
616	613	5	1	2.4120486582985845
616	614	5	1	2.4030014565122477
616	615	5	1	2.649975531962515
617	614	5	1	2.7423194653431664
617	565	5	1	2.5415672822099338
617	619	5	1	2.143804104856597
617	567	5	1	2.202079846417916
618	647	5	1	2.125104865647811
618	619	5	1	2.375562400780082
618	74	5	1	2.0862153388372895
618	4	5	1	2.3426104072167107
619	614	5	1	2.1875445526891553
619	617	5	1	2.143804104856597
619	618	5	1	2.375562400780082
619	4	5	1	2.4751548315206557
620	572	5	1	2.1210665530341077
620	621	5	1	2.663962900661344
620	623	5	1	2.4592838734070535
620	624	5	1	2.191161760345409
621	569	5	1	2.51122134428648
621	622	5	1	2.3952710393815573
621	572	5	1	2.2814625988825634
621	620	5	1	2.663962900661344
622	569	5	1	2.323265463975222
622	648	5	1	2.3864815654850546
622	621	5	1	2.3952710393815573
622	626	5	1	2.1101177062192553
623	620	5	1	2.4592838734070535
623	575	5	1	1.9872276291356294
623	624	5	1	2.565066246707868
623	581	5	1	2.829548630082188
624	620	5	1	2.191161760345409
624	625	5	1	2.3512699908772734
624	623	5	1	2.565066246707868
624	627	5	1	2.211855585249632
625	83	5	1	2.415528149722122
625	626	5	1	2.8255291518758034
625	624	5	1	2.3512699908772734
625	627	5	1	2.83968260550365
626	622	5	1	2.1101177062192553
626	648	5	1	2.851294251896847
626	83	5	1	2.075277044252161
626	625	5	1	2.8255291518758034
627	625	5	1	2.83968260550365
627	624	5	1	2.211855585249632
627	16	5	1	2.05620211312021
627	628	5	1	2.9129994661860135
628	627	5	1	2.9129994661860135
628	16	5	1	2.255828473089212
628	629	5	1	2.6883576733760712
628	21	5	1	2.5214537076853096
629	628	5	1	2.6883576733760712
629	21	5	1	2.502580975712872
629	578	5	1	2.7483460935624553
629	630	5	1	2.344132464260501
630	629	5	1	2.344132464260501
630	578	5	1	2.565402253058968
630	25	5	1	2.7770101278173223
630	631	5	1	2.4362101654003485
631	630	5	1	2.4362101654003485
631	584	5	1	2.5903807596567776
631	632	5	1	2.2658165790725433
631	25	5	1	2.2113957945153073
632	584	5	1	2.4272073768015843
632	631	5	1	2.2658165790725433
632	633	5	1	2.1863132986834226
632	27	5	1	2.440384807771101
633	632	5	1	2.1863132986834226
633	583	5	1	2.344234572307132
633	587	5	1	2.300814336273139
633	27	5	1	2.602469068019827
634	588	5	1	2.3434021784576395
634	30	5	1	2.6290092734716604
634	635	5	1	2.301596048397715
634	591	5	1	2.7043917541658096
635	634	5	1	2.301596048397715
635	30	5	1	2.5892339504185418
635	636	5	1	2.510784723945884
635	37	5	1	2.6115298294294886
636	635	5	1	2.510784723945884
636	37	5	1	2.3155637326577767
636	39	5	1	2.2242293406930815
636	637	5	1	2.7470251837214743
637	636	5	1	2.7470251837214743
637	594	5	1	2.5956231814344704
637	638	5	1	2.32372455553579
637	39	5	1	2.3110592203576203
638	594	5	1	2.305193148089765
638	44	5	1	2.144680677863254
638	637	5	1	2.32372455553579
638	599	5	1	2.63980004735207
639	600	5	1	2.3048081438592702
639	43	5	1	2.2813921561187174
639	47	5	1	2.5645695252810006
639	640	5	1	2.48011598317498
640	600	5	1	2.4805643813455083
640	639	5	1	2.48011598317498
640	49	5	1	2.237928153449079
640	641	5	1	2.6217456779786996
641	640	5	1	2.6217456779786996
641	49	5	1	2.2347022396731093
641	604	5	1	2.410116629957977
641	642	5	1	2.372877143890933
642	604	5	1	2.577232851334935
642	641	5	1	2.372877143890933
642	643	5	1	2.449991446923849
642	53	5	1	2.7082748844975133
643	642	5	1	2.449991446923849
643	644	5	1	2.1464819053511754
643	56	5	1	2.40169700212162
643	53	5	1	1.946392529784266
644	602	5	1	2.4785393440492336
644	645	5	1	2.1087079503809893
644	56	5	1	2.44135601664321
644	643	5	1	2.1464819053511754
645	602	5	1	2.426070176231513
645	644	5	1	2.1087079503809893
645	606	5	1	2.023052807022099
645	2	5	1	2.6210053586362645
646	612	5	1	2.5925201831422693
646	3	5	1	2.6695238414368965
646	613	5	1	2.6036462163665752
646	616	5	1	2.5020150539115407
647	615	5	1	2.3573987401370937
647	66	5	1	2.218006269152544
647	74	5	1	2.769486640155544
647	618	5	1	2.125104865647811
648	76	5	1	2.2769269915612123
648	10	5	1	2.72934075769223
648	622	5	1	2.3864815654850546
648	626	5	1	2.851294251896847