61.01	56.02
59.8387	54.2003
61.9594	53.4379
72.8897	55.7308
-2.18204	57.2916
74.4426	54.5483
6.15491	2.98295
3.81158	2.20889
4.5602	4.90253
3.39572	58.5939
78.0835	1.42315
11.9745	1.94112
13.5663	0.243838
10.834	0.534974
16.2136	0.44139
15.0948	57.4973
12.9273	3.76655
10.5492	3.94019
18.6469	0.189666
21.2604	-0.301548
19.0089	57.0716
17.129	2.35508
23.5149	-1.13164
25.7678	-2.47633
23.4786	55.4745
23.6039	1.29158
27.1868	54.9923
28.5427	57.1263
29.8926	0.26961
31.2561	57.3833
28.6987	2.45362
31.1553	2.60082
28.2025	4.46817
25.9703	2.85039
33.7243	3.00294
36.4417	3.04106
35.0188	60.1054
32.1147	4.89775
38.4026	58.8826
38.4953	2.30192
40.4669	59.5721
38.7063	4.72368
43.0281	59.5204
41.9024	57.6714
46.0243	3.60615
43.5802	4.64707
44.4662	61.3327
48.461	2.62724
49.1929	59.4014
50.822	2.2351
48.341	4.50112
53.3878	2.28921
54.13	59.542
56.0311	2.15986
52.0895	4.07496
57.2484	58.0373
57.9098	1.15606
59.6198	58.1231
58.465	3.5206
62.3723	1.55517
64.2504	59.0251
61.8471	58.3345
63.2023	3.26802
60.7002	3.70828
66.2956	0.99863
66.5333	57.7256
64.7035	4.94613
65.7217	2.94488
68.049	3.13559
68.4365	5.24119
70.5641	3.7433
72.0097	61.0809
73.3808	3.84103
71.0163	58.7472
-3.28843	59.1765
3.27911	55.7736
3.55826	53.322
1.58642	53.4216
5.40137	7.55798
79.6665	7.01114
75.7096	3.02592
-1.00216	59.7578
9.53969	58.0986
8.50436	1.49507
9.91695	5.90436
8.45301	3.61448
11.856	7.00527
9.85119	8.38482
13.6744	5.58071
15.4345	3.98295
14.3885	7.51933
17.1773	4.93788
20.174	7.48139
18.9331	6.16601
21.5422	5.49171
23.6478	3.6913
22.8538	10.7517
21.407	9.12382
23.5469	8.28655
23.589	6.01984
27.245	9.05857
25.7	7.44484
27.991	6.73408
30.3985	6.03311
28.6458	11.005
26.5195	11.4309
32.7964	7.507
33.117	9.98029
35.0781	9.35737
41.0667	5.76029
39.3526	7.35425
37.7602	9.4168
40.3819	9.56702
43.0622	6.95161
44.9066	8.7282
42.6272	9.29522
48.8779	6.65846
50.6503	5.42061
46.9762	10.3321
47.3565	8.52246
49.729	8.44374
52.1829	8.35705
50.751	10.3374
52.7194	6.53776
54.2765	8.74266
59.7098	6.02397
58.9692	8.68586
56.5865	9.82837
58.2724	11.314
63.854	7.13741
66.3062	6.34056
63.8495	8.96662
61.3623	7.77499
67.7164	7.79071
71.6167	9.86723
73.6666	10.5126
74.1533	8.21613
75.0413	5.69714
76.7909	7.38448
1.43646	11.2324
77.4889	13.4567
75.7049	11.9424
5.81074	9.9728
7.83458	9.15783
5.68493	12.6134
3.81798	10.7893
10.3353	10.6043
11.9349	12.9851
12.7736	11.0413
14.822	9.33587
15.1298	11.4047
16.5704	7.19971
20.274	14.7011
21.2421	16.7495
18.6412	16.522
19.3873	10.058
24.2814	12.2823
21.7547	12.722
26.1326	13.6989
28.0002	14.6308
25.9804	16.1003
29.5821	12.9681
31.1681	11.4361
30.3873	15.1562
33.0441	12.6016
34.9765	13.4884
32.5221	14.9639
36.3887	11.5259
37.4486	14.0344
42.4342	11.5635
44.6554	13.2056
42.3518	13.9325
46.9179	12.5413
49.1347	11.5656
47.1973	14.5483
51.9086	11.8227
53.4882	13.3513
54.2161	10.8961
55.1339	14.8832
52.4577	15.4923
59.9038	13.1249
61.5442	14.8457
62.6091	12.965
64.4129	11.1712
65.0445	13.3195
66.3063	9.51557
68.968	9.80003
69.5549	11.8026
2.0358	8.97091
73.7289	13.0311
79.2152	15.2053
5.02978	14.8051
4.23337	16.982
7.245	15.0006
7.82092	17.3553
9.67106	16.4132
3.68459	19.3419
5.9713	18.5141
11.7344	15.5918
13.8325	14.6579
17.4255	11.7951
15.6988	13.6303
16.2547	15.9614
19.6143	12.3053
22.3416	18.7903
23.8776	17.3516
26.1481	18.4016
25.8824	20.5198
28.4396	18.9948
30.6592	17.2189
31.0357	19.226
31.8417	21.3599
33.5976	19.5128
36.2964	18.3955
35.5812	20.2738
38.0697	16.3998
40.0167	15.044
38.7368	18.6843
42.5028	16.0942
43.0861	18.4595
41.2672	19.6938
43.8144	20.6605
47.3337	16.4856
46.8751	18.7854
44.9428	17.3046
49.7552	15.8867
51.7078	17.6657
51.1401	20.0408
53.6229	19.4754
57.5476	13.9136
56.9074	16.4887
56.1464	18.9076
58.6641	18.1938
63.2165	16.4128
60.9447	17.3395
65.3916	15.4038
67.5247	13.6664
64.6824	18.0246
69.716	14.2709
70.1604	16.7901
71.8402	14.854
75.0451	17.2381
75.7092	19.4417
73.4472	19.0883
74.2614	15.129
76.6313	15.3665
76.5889	23.6782
2.1928	23.7438
1.26772	25.821
3.08282	21.6733
78.0792	20.3524
4.53156	23.7674
8.29111	19.7737
10.5603	20.2628
8.80923	22.2273
11.463	18.2388
13.164	20.4562
17.1442	18.4172
18.3032	20.5386
15.7325	20.5469
20.8997	20.6841
23.4822	20.8219
19.922	22.5957
24.0058	22.7639
28.9408	25.9423
28.1539	27.9316
26.1604	26.5876
30.8533	23.9936
31.4245	26.1063
32.8278	23.0199
35.1741	22.4218
37.5278	21.8231
34.651	24.5547
39.3778	20.8629
39.5139	23.3619
39.0105	25.4501
41.5179	25.0395
45.2244	22.9204
46.1701	20.8155
48.729	20.5617
44.1874	24.8919
46.8335	24.9325
50.3295	22.4524
51.9674	24.2996
49.3797	24.7182
55.3381	21.3431
54.4933	23.7557
56.9171	23.508
61.0483	19.5404
63.3741	20.022
61.556	22.0021
66.1367	19.72
68.6601	19.0937
67.8848	21.3833
70.9838	18.9152
72.497	21.0098
71.7847	23.2457
74.1588	22.6185
76.1079	21.6126
0.512258	28.1117
0.361092	30.1988
74.6547	29.0033
7.02378	24.0673
9.27427	24.6889
5.37702	28.1127
2.98277	27.136
5.04398	25.8271
11.5563	26.0024
9.58605	27.0701
14.7316	22.7104
13.0125	27.6876
13.9806	25.2022
16.3679	24.8085
17.7139	26.8946
18.9875	24.7021
23.9629	25.2926
23.7377	27.7163
21.7578	23.9959
27.7401	30.2362
29.8144	30.0475
33.8734	26.3666
32.9923	28.2667
32.1692	30.2186
34.6781	30.0953
36.5013	26.0443
38.0828	27.6472
37.1408	29.7981
39.6173	29.3819
43.0766	26.8544
42.1037	28.9997
44.525	28.8402
47.1005	28.9513
45.8789	30.8362
48.2982	27.0061
49.274	29.6534
51.5914	30.5204
54.0324	31.2686
53.6776	28.8282
53.8339	26.0963
55.7599	27.2329
59.6539	23.8101
62.2951	24.2445
57.7095	25.6115
67.2884	23.7578
69.496	23.4408
63.5604	26.4993
64.9169	24.9262
67.2323	25.9026
69.5524	26.9883
67.185	28.0395
70.8719	25.525
72.0673	27.9322
77.0845	32.3679
2.46925	32.105
7.6686	28.7341
6.31426	30.4984
4.99514	32.3863
7.62284	32.4347
9.83687	29.5053
11.8757	29.8992
9.81064	31.8143
14.3356	29.7561
15.8973	31.7826
16.6497	29.3567
18.8967	29.1057
21.4464	29.3673
19.5721	31.2462
25.4848	31.2611
23.8807	32.6686
23.4758	30.0851
27.3693	32.4973
29.2628	33.6912
26.9282	34.7022
30.7944	32.231
31.4422	34.7072
36.3259	31.9488
37.9598	33.7721
35.8233	34.3566
41.1353	31.112
39.8578	35.517
40.2927	33.3515
42.5257	33.1147
43.4611	35.1328
44.848	32.9984
47.225	32.8017
48.0241	34.7995
49.3085	32.1178
54.9506	33.7635
56.4129	32.1418
58.023	28.1505
58.3211	30.6189
60.2158	29.5201
58.8772	32.9014
61.97	31.1019
62.6142	28.8188
64.9403	28.4663
61.1447	33.1693
63.6371	32.9892
66.6316	30.3522
68.2609	32.327
69.3041	34.4189
70.7091	32.2616
72.5302	30.2399
72.7386	32.6262
76.8856	34.618
2.19112	35.7746
-0.104118	36.7717
3.61625	34.3019
4.06433	37.0425
9.15131	34.4168
10.6961	36.3819
8.41991	37.0012
17.6322	32.9169
15.4641	34.5102
13.3821	36.3639
15.2763	37.1606
20.0009	33.6647
20.8156	36.0577
22.2801	34.3693
24.7814	34.8382
21.7586	38.284
19.5849	38.2246
26.5247	36.879
26.1927	39.1158
28.2409	38.9022
30.6378	39.1357
33.1309	39.2336
32.0848	37.1951
33.6293	35.6089
35.6031	36.6457
37.4912	38.3849
35.2907	38.876
39.6094	37.8407
41.8249	36.6384
38.7503	40.2883
44.2567	37.3585
44.7245	39.6126
46.4427	37.2219
48.7318	36.9353
51.1697	37.0728
49.6851	39.0271
53.078	37.691
53.6631	35.8344
52.8961	39.9557
55.0113	39.2696
56.0162	36.1115
58.5478	36.863
59.9466	35.2746
61.027	37.6575
63.5457	38.5016
62.0979	40.0464
65.9726	32.5919
65.6004	34.7361
65.6265	37.165
67.6846	35.9102
70.0487	36.9356
72.1035	37.2335
71.3832	39.4214
73.3885	35.0814
74.9066	33.5586
-2.26186	37.0847
2.46814	41.9988
3.6807	43.897
77.5949	43.9806
6.03993	38.2559
8.25599	39.3689
3.59894	39.4686
1.20131	40.4107
10.4338	40.232
8.38616	41.8802
11.9421	38.392
13.1543	40.4789
17.1545	38.7673
18.8983	40.3448
20.6582	41.6939
18.9998	42.9637
22.4139	40.44
24.054	39.6297
22.7225	42.9149
25.6068	41.4838
29.7284	43.3712
27.32	42.6452
29.0419	41.0568
30.1855	45.6059
32.204	44.1157
35.1128	41.0422
34.7604	43.0637
37.2995	41.9439
40.1256	42.098
41.6807	43.9759
42.8226	41.7569
45.0177	42.1407
45.2961	44.5673
45.3403	47.1206
43.267	45.6447
49.0734	41.7241
50.7764	40.7117
47.289	43.1646
49.7821	43.9512
52.6767	42.2281
51.1182	46.2442
50.0942	48.4125
52.8083	47.8142
56.0811	41.0168
56.7293	38.3484
56.8434	43.303
54.5635	42.9088
65.3899	43.6057
65.7682	41.4687
63.4188	41.9231
68.0129	41.3218
65.8854	39.4579
69.0397	43.4937
67.4357	44.8573
69.1887	46.2805
-0.628534	38.9818
75.2929	43.3649
73.0876	41.5112
-1.23877	41.2204
76.306	48.4666
2.10943	49.5007
0.616294	50.9759
6.38988	43.7702
5.12162	45.7812
4.37111	48.3352
4.00894	50.8534
8.72648	44.2018
8.83791	46.3495
11.046	45.7057
15.2009	42.3975
15.1467	39.7932
15.5633	45.0702
17.3102	43.9905
19.9233	45.0379
22.3041	44.9534
24.6891	43.4794
21.4439	47.2248
30.9484	47.322
28.5675	47.9029
34.2012	45.1512
32.7208	48.9722
33.5098	47.0622
35.9638	47.075
38.6189	47.7594
36.548	49.0103
40.9504	46.5937
40.587	49.1257
47.4181	48.7905
45.0363	49.4907
52.0827	44.1448
48.7752	50.6401
54.7447	49.2849
55.6083	47.429
57.3898	45.5426
59.226	44.0064
58.2945	47.3777
61.353	42.6237
61.2722	45.045
70.5039	41.4624
65.333	45.9932
70.9727	48.0735
68.1854	48.3446
75.7116	45.9732
73.8262	47.9438
72.4117	49.9165
-0.75792	52.805
73.5174	52.2684
6.59166	47.3294
5.73381	52.8452
8.73818	48.5635
10.8263	49.281
9.50712	50.9909
12.2676	47.5398
13.7886	46.3036
13.1675	49.8516
15.8549	47.7798
17.8991	49.7609
19.5721	51.8717
20.5013	49.517
23.1576	49.0443
15.3538	49.9665
26.0521	49.175
28.216	50.1929
24.6054	50.8657
34.5392	50.227
32.3712	51.2816
30.2472	51.9215
32.6254	53.2997
36.1103	51.5889
37.7132	52.8216
34.9915	53.5817
40.119	51.6093
42.5996	50.5467
39.2757	54.0891
44.9805	51.7077
45.2971	54.1021
47.2946	52.4556
49.8851	52.9283
43.3819	55.8277
45.4227	56.5851
52.3986	53.3268
54.8324	53.7521
54.4763	51.7298
51.1535	55.1937
56.6072	50.8572
58.2506	52.4555
59.2983	50.7524
60.785	47.0962
63.2809	46.7317
60.122	49.1288
65.7349	48.0921
61.6734	51.3055
66.226	50.3465
68.8608	53.4312
67.4582	55.2286
66.5608	52.7352
71.3161	52.2098
70.7473	56.6784
70.8659	54.3058
10.8923	52.5972
8.24461	52.8912
6.885	54.8632
13.2314	51.8378
12.3392	54.2427
11.0113	56.1831
8.20471	56.5097
13.834	55.873
16.7457	55.96
19.0464	54.5693
21.2615	53.8023
23.6386	53.2689
25.8792	52.9318
28.0282	52.5296
33.1685	55.5793
33.8134	57.7887
36.2946	58.173
38.529	56.575
40.7424	55.8675
45.218	58.8808
47.508	57.9285
50.0636	57.3433
52.4349	57.4298
54.8652	57.7398
56.0176	55.9289
57.2177	54.195
64.1821	51.9594
68.6963	57.2347
5.35968	56.6986